<?xml version="1.0"?>
<opencv_storage>
<H_invt type_id="opencv-matrix">
  <rows>3</rows>
  <cols>3</cols>
  <dt>f</dt>
  <data>
    3.09189916e+00 -1.76679790e-02 -1.21262512e+03 -8.27146113e-01
    4.29328156e+00 -2.80284271e+02 -4.42238105e-03 1.24142307e-03
    2.56295514e+00</data></H_invt>
</opencv_storage>
