<?xml version="1.0"?>
<opencv_storage>
<H type_id="opencv-matrix">
  <rows>3</rows>
  <cols>3</cols>
  <dt>f</dt>
  <data>
    5.81965804e-01 2.62262616e-02 404. 3.60297002e-02 6.13410063e-02 47.
    9.44307190e-04 4.86752142e-05 1.</data></H>
</opencv_storage>
