<?xml version="1.0"?>
<opencv_storage>
<H_invt type_id="opencv-matrix">
  <rows>3</rows>
  <cols>3</cols>
  <dt>f</dt>
  <data>
    4.96539640e+00 -5.51710784e-01 -1.98008984e+03 7.02326119e-01
    1.68558273e+01 -1.07596362e+03 -4.72304551e-03 -2.99476524e-04
    2.92218590e+00</data></H_invt>
</opencv_storage>
