<?xml version="1.0"?>
<opencv_storage>
<H type_id="opencv-matrix">
  <rows>3</rows>
  <cols>3</cols>
  <dt>f</dt>
  <data>
    2.12524533e-01 -9.94231552e-02 375. 8.00979137e-03 5.73924854e-02
    154. 3.75325835e-05 -2.21779279e-04 1.</data></H>
</opencv_storage>
