<?xml version="1.0"?>
<opencv_storage>
<H_invt type_id="opencv-matrix">
  <rows>3</rows>
  <cols>3</cols>
  <dt>f</dt>
  <data>
    5.02902365e+00 8.93004537e-01 -2.02340649e+03 -1.22490585e-01
    1.09016609e+01 -1.63292175e+03 -2.15918117e-04 2.38424563e-03
    7.13795483e-01</data></H_invt>
</opencv_storage>
