<?xml version="1.0"?>
<opencv_storage>
<H type_id="opencv-matrix">
  <rows>3</rows>
  <cols>3</cols>
  <dt>f</dt>
  <data>
    1.76186785e-02 5.99114038e-03 33. -1.65544655e-02 2.60929894e-02 30.
    -4.33569337e-04 7.88308025e-05 1.</data></H>
</opencv_storage>
