<?xml version="1.0"?>
<opencv_storage>
<H type_id="opencv-matrix">
  <rows>3</rows>
  <cols>3</cols>
  <dt>f</dt>
  <data>
    6.60601929e-02 -1.75398476e-02 35. 1.94317866e-02 3.58680170e-03 34.
    3.94153903e-04 -3.15323094e-04 1.</data></H>
</opencv_storage>
