<?xml version="1.0"?>
<opencv_storage>
<H_invt type_id="opencv-matrix">
  <rows>3</rows>
  <cols>3</cols>
  <dt>f</dt>
  <data>
    1.81798458e+01 8.26356602e+00 -9.17255859e+02 -7.66257858e+00
    6.64090195e+01 -1.98971643e+03 -9.58184525e-03 1.76831819e-02
    7.34136403e-01</data></H_invt>
</opencv_storage>
