<?xml version="1.0"?>
<opencv_storage>
<H type_id="opencv-matrix">
  <rows>3</rows>
  <cols>3</cols>
  <dt>f</dt>
  <data>
    5.54116368e-02 -1.50841072e-01 785. 2.01037545e-02 1.48629859e-01
    163. -2.39735833e-04 -7.85574521e-05 1.</data></H>
</opencv_storage>
