<?xml version="1.0"?>
<opencv_storage>
<H_invt type_id="opencv-matrix">
  <rows>3</rows>
  <cols>3</cols>
  <dt>f</dt>
  <data>
    3.61932564e+00 1.99924672e+00 -3.16704785e+03 -1.32681620e+00
    5.46154594e+00 1.51318726e+02 7.63450749e-04 9.08336253e-04
    2.52632350e-01</data></H_invt>
</opencv_storage>
