<?xml version="1.0"?>
<opencv_storage>
<Rot type_id="opencv-matrix">
  <rows>3</rows>
  <cols>3</cols>
  <dt>f</dt>
  <data>
    -8.89571667e-01 -4.56703216e-01 -9.18652769e-03 -1.23947728e-02
    4.42363136e-02 -9.98944223e-01 4.56627429e-01 -8.88518631e-01
    -4.50121053e-02</data></Rot>
</opencv_storage>
