<?xml version="1.0"?>
<opencv_storage>
<H type_id="opencv-matrix">
  <rows>3</rows>
  <cols>3</cols>
  <dt>f</dt>
  <data>
    3.99909675e-01 -1.88537419e-01 312. -1.09126769e-01 -5.90965040e-02
    536. -1.60135125e-04 -4.20333061e-04 1.</data></H>
</opencv_storage>
