<?xml version="1.0"?>
<opencv_storage>
<H_invt type_id="opencv-matrix">
  <rows>3</rows>
  <cols>3</cols>
  <dt>f</dt>
  <data>
    2.26332545e+00 7.81580031e-01 -1.12508447e+03 3.17220449e-01
    6.12631798e+00 -3.38267920e+03 4.95776127e-04 2.70025246e-03
    -6.02017462e-01</data></H_invt>
</opencv_storage>
