<?xml version="1.0"?>
<opencv_storage>
<H type_id="opencv-matrix">
  <rows>3</rows>
  <cols>3</cols>
  <dt>f</dt>
  <data>
    1.39698148e-01 3.20559368e-02 306. -4.77167265e-03 1.64029941e-01
    94. 7.51786793e-05 1.39173746e-04 1.</data></H>
</opencv_storage>
