<?xml version="1.0"?>
<opencv_storage>
<H_invt type_id="opencv-matrix">
  <rows>3</rows>
  <cols>3</cols>
  <dt>f</dt>
  <data>
    8.63054562e+00 6.02131128e-01 -2.69754712e+03 6.76873505e-01
    6.67203903e+00 -8.34294922e+02 -7.43036042e-04 -9.73840069e-04
    1.31891000e+00</data></H_invt>
</opencv_storage>
