<?xml version="1.0"?>
<opencv_storage>
<Rot type_id="opencv-matrix">
  <rows>3</rows>
  <cols>3</cols>
  <dt>f</dt>
  <data>
    7.28998005e-01 -5.35345040e-02 6.82419181e-01 1.78046942e-01
    9.77451980e-01 -1.13520339e-01 -6.60954773e-01 2.04258755e-01
    7.22092211e-01</data></Rot>
</opencv_storage>
