<?xml version="1.0"?>
<opencv_storage>
<H type_id="opencv-matrix">
  <rows>3</rows>
  <cols>3</cols>
  <dt>f</dt>
  <data>
    3.20083380e-01 -1.55256838e-01 328. 5.14802476e-03 9.94173810e-02
    437. 1.90160665e-06 -3.46301327e-04 1.</data></H>
</opencv_storage>
