<?xml version="1.0"?>
<opencv_storage>
<H_invt type_id="opencv-matrix">
  <rows>3</rows>
  <cols>3</cols>
  <dt>f</dt>
  <data>
    3.12327194e+00 5.19027710e-01 -1.25124829e+03 -5.37713990e-02
    3.97908330e+00 -1.72122241e+03 -2.45603424e-05 1.37697486e-03
    4.06317800e-01</data></H_invt>
</opencv_storage>
