<?xml version="1.0"?>
<opencv_storage>
<H type_id="opencv-matrix">
  <rows>3</rows>
  <cols>3</cols>
  <dt>f</dt>
  <data>
    2.77081013e-01 -1.87596828e-02 295. 2.93067489e-02 8.50884914e-02
    145. 4.55894595e-04 -2.86190654e-04 1.</data></H>
</opencv_storage>
