<?xml version="1.0"?>
<opencv_storage>
<H_invt type_id="opencv-matrix">
  <rows>3</rows>
  <cols>3</cols>
  <dt>f</dt>
  <data>
    6.18501663e+00 -3.20847750e+00 -1.35935071e+03 1.79795396e+00
    6.96707058e+00 -1.54062170e+03 -2.30515795e-03 3.45663796e-03
    1.17880905e+00</data></H_invt>
</opencv_storage>
