<?xml version="1.0"?>
<opencv_storage>
<Rot type_id="opencv-matrix">
  <rows>3</rows>
  <cols>3</cols>
  <dt>f</dt>
  <data>
    4.14180666e-01 5.49264491e-01 -7.25784361e-01 -4.58627552e-01
    -5.62829375e-01 -6.87665522e-01 -7.86203027e-01 6.17682457e-01
    1.87947825e-02</data></Rot>
</opencv_storage>
