<?xml version="1.0"?>
<opencv_storage>
<H type_id="opencv-matrix">
  <rows>3</rows>
  <cols>3</cols>
  <dt>f</dt>
  <data>
    3.78499180e-01 9.03181545e-03 412. 2.48352569e-02 1.35118157e-01 63.
    4.60119947e-04 1.79558956e-05 1.</data></H>
</opencv_storage>
