<?xml version="1.0"?>
<opencv_storage>
<H_invt type_id="opencv-matrix">
  <rows>3</rows>
  <cols>3</cols>
  <dt>f</dt>
  <data>
    5.29155397e+00 -6.45311251e-02 -2.17605469e+03 1.63987026e-01
    7.46141434e+00 -5.37631775e+02 -2.43769400e-03 -1.04284321e-04
    2.01089978e+00</data></H_invt>
</opencv_storage>
