<?xml version="1.0"?>
<opencv_storage>
<Rot type_id="opencv-matrix">
  <rows>3</rows>
  <cols>3</cols>
  <dt>f</dt>
  <data>
    3.58046800e-01 5.02283812e-01 7.87091732e-01 -3.65844190e-01
    -7.00106323e-01 6.13195896e-01 8.59046280e-01 -5.07505774e-01
    -6.69132099e-02</data></Rot>
</opencv_storage>
