<?xml version="1.0"?>
<opencv_storage>
<H type_id="opencv-matrix">
  <rows>3</rows>
  <cols>3</cols>
  <dt>f</dt>
  <data>
    9.28529203e-02 1.91736996e-01 359. 1.36000253e-02 1.19589277e-01 32.
    -1.96182824e-04 4.47851693e-04 1.</data></H>
</opencv_storage>
