<?xml version="1.0"?>
<opencv_storage>
<Rot type_id="opencv-matrix">
  <rows>3</rows>
  <cols>3</cols>
  <dt>f</dt>
  <data>
    2.89771825e-01 2.11287960e-01 9.33482528e-01 -4.08559680e-01
    -8.54692876e-01 3.20279598e-01 8.65512133e-01 -4.74191338e-01
    -1.61342189e-01</data></Rot>
</opencv_storage>
