<?xml version="1.0"?>
<opencv_storage>
<H type_id="opencv-matrix">
  <rows>3</rows>
  <cols>3</cols>
  <dt>f</dt>
  <data>
    3.25549096e-01 -6.08131774e-02 163. 8.25542957e-02 2.89449632e-01
    196. 4.77038593e-05 -8.09547601e-06 1.</data></H>
</opencv_storage>
