<?xml version="1.0"?>
<opencv_storage>
<Rot type_id="opencv-matrix">
  <rows>3</rows>
  <cols>3</cols>
  <dt>f</dt>
  <data>
    9.76281166e-01 -1.89753771e-01 -1.04252376e-01 2.09097251e-01
    9.51256573e-01 2.26691991e-01 5.61550967e-02 -2.43114009e-01
    9.68370914e-01</data></Rot>
</opencv_storage>
