<?xml version="1.0"?>
<opencv_storage>
<H_invt type_id="opencv-matrix">
  <rows>3</rows>
  <cols>3</cols>
  <dt>f</dt>
  <data>
    4.64146328e+00 1.22143757e+00 -1.86342542e+03 1.75490171e-01
    9.51156712e+00 -2.56931641e+03 7.57105518e-05 1.82014937e-03
    4.94344682e-01</data></H_invt>
</opencv_storage>
