<?xml version="1.0"?>
<opencv_storage>
<H type_id="opencv-matrix">
  <rows>3</rows>
  <cols>3</cols>
  <dt>f</dt>
  <data>
    2.83262730e-01 -1.15288742e-01 258. 2.82350034e-02 -5.51103950e-02
    574. 1.15159064e-05 -2.46844284e-04 1.</data></H>
</opencv_storage>
