<?xml version="1.0"?>
<opencv_storage>
<H type_id="opencv-matrix">
  <rows>3</rows>
  <cols>3</cols>
  <dt>f</dt>
  <data>
    1.40546635e-01 -5.73943509e-03 83. 4.51340154e-02 7.01372474e-02 46.
    4.25698381e-04 -1.81015057e-05 1.</data></H>
</opencv_storage>
