<?xml version="1.0"?>
<opencv_storage>
<H type_id="opencv-matrix">
  <rows>3</rows>
  <cols>3</cols>
  <dt>f</dt>
  <data>
    1.20944612e-01 -6.26028553e-02 285. 1.28658989e-03 3.70613337e-02
    60. 3.43009651e-06 -1.85226148e-04 1.</data></H>
</opencv_storage>
