<?xml version="1.0"?>
<opencv_storage>
<H_invt type_id="opencv-matrix">
  <rows>3</rows>
  <cols>3</cols>
  <dt>f</dt>
  <data>
    8.32035446e+00 1.69488645e+00 -2.47299414e+03 -1.86663717e-01
    2.07196732e+01 -1.18998120e+03 -6.31146177e-05 3.83201148e-03
    7.88066983e-01</data></H_invt>
</opencv_storage>
