<?xml version="1.0"?>
<opencv_storage>
<Rot type_id="opencv-matrix">
  <rows>3</rows>
  <cols>3</cols>
  <dt>f</dt>
  <data>
    -3.63137782e-01 -4.44457382e-01 8.18894744e-01 8.05199027e-01
    2.92524815e-01 5.15833080e-01 -4.68812883e-01 8.46691728e-01
    2.51649827e-01</data></Rot>
</opencv_storage>
