<?xml version="1.0"?>
<opencv_storage>
<H type_id="opencv-matrix">
  <rows>3</rows>
  <cols>3</cols>
  <dt>f</dt>
  <data>
    1.75389051e-01 -9.37577412e-02 374. -9.13937949e-03 5.92610650e-02
    157. -3.15683901e-05 -2.08891477e-04 1.</data></H>
</opencv_storage>
