<?xml version="1.0"?>
<opencv_storage>
<H type_id="opencv-matrix">
  <rows>3</rows>
  <cols>3</cols>
  <dt>f</dt>
  <data>
    2.50618672e+00 -1.19785619e+00 336. -1.22047253e-01 5.91142774e-01
    264. -2.81214889e-04 -2.49328488e-03 1.</data></H>
</opencv_storage>
