<?xml version="1.0"?>
<opencv_storage>
<H_invt type_id="opencv-matrix">
  <rows>3</rows>
  <cols>3</cols>
  <dt>f</dt>
  <data>
    3.86563748e-01 1.11421302e-01 -1.59300644e+02 1.47916703e-02
    8.04666877e-01 -2.17402069e+02 1.45587328e-04 2.03759712e-03
    4.13157016e-01</data></H_invt>
</opencv_storage>
