<?xml version="1.0"?>
<opencv_storage>
<Rot type_id="opencv-matrix">
  <rows>3</rows>
  <cols>3</cols>
  <dt>f</dt>
  <data>
    -4.82785046e-01 -8.01903307e-01 3.51951241e-01 -6.64730549e-01
    7.39182606e-02 -7.43417382e-01 5.70133209e-01 -5.92863560e-01
    -5.68736255e-01</data></Rot>
</opencv_storage>
