<?xml version="1.0"?>
<opencv_storage>
<H type_id="opencv-matrix">
  <rows>3</rows>
  <cols>3</cols>
  <dt>f</dt>
  <data>
    5.03554046e-02 -1.26788184e-01 440. 9.74052213e-03 1.04773287e-02
    119. -1.00316640e-04 -1.32136513e-04 1.</data></H>
</opencv_storage>
