<?xml version="1.0"?>
<opencv_storage>
<H type_id="opencv-matrix">
  <rows>3</rows>
  <cols>3</cols>
  <dt>f</dt>
  <data>
    8.56080532e-01 -1.10114850e-01 393. 2.53357321e-01 1.93193868e-01
    141. 1.35444850e-03 -2.83580914e-04 1.</data></H>
</opencv_storage>
