<?xml version="1.0"?>
<opencv_storage>
<H type_id="opencv-matrix">
  <rows>3</rows>
  <cols>3</cols>
  <dt>f</dt>
  <data>
    1.84427783e-01 3.35989660e-03 5.42101086e-18 4.33697810e-17
    1.94874004e-01 2.16840434e-18 1.83267082e-04 1.27834457e-04 1.</data></H>
</opencv_storage>
