<?xml version="1.0"?>
<opencv_storage>
<H_invt type_id="opencv-matrix">
  <rows>3</rows>
  <cols>3</cols>
  <dt>f</dt>
  <data>
    5.42217636e+00 -9.34858024e-02 -2.91909623e-17 -1.20671024e-15
    5.13152075e+00 -1.11272121e-17 -9.93706519e-04 -6.38852303e-04 1.</data></H_invt>
</opencv_storage>
