<?xml version="1.0"?>
<opencv_storage>
<H type_id="opencv-matrix">
  <rows>3</rows>
  <cols>3</cols>
  <dt>f</dt>
  <data>
    3.35955858e-01 3.05927724e-01 274. 1.58227906e-02 1.40207648e-01 63.
    2.94713100e-04 7.01115641e-04 1.</data></H>
</opencv_storage>
