<?xml version="1.0"?>
<opencv_storage>
<H_invt type_id="opencv-matrix">
  <rows>3</rows>
  <cols>3</cols>
  <dt>f</dt>
  <data>
    3.86911893e+00 -4.58562136e+00 -7.71244446e+02 1.10554717e-01
    1.02815866e+01 -6.78031921e+02 -1.21779169e-03 -5.85713843e-03
    1.70267463e+00</data></H_invt>
</opencv_storage>
