<?xml version="1.0"?>
<opencv_storage>
<Rot type_id="opencv-matrix">
  <rows>3</rows>
  <cols>3</cols>
  <dt>f</dt>
  <data>
    -6.45304918e-01 -6.11052334e-01 -4.58471984e-01 -8.46210718e-02
    6.53636515e-01 -7.52062857e-01 7.59223819e-01 -4.46513474e-01
    -4.73502785e-01</data></Rot>
</opencv_storage>
