<?xml version="1.0"?>
<opencv_storage>
<H type_id="opencv-matrix">
  <rows>3</rows>
  <cols>3</cols>
  <dt>f</dt>
  <data>
    1.36794448e-01 -7.71640539e-02 387. -6.90687215e-03 4.86926846e-02
    86. -4.42748205e-05 -1.71295484e-04 1.</data></H>
</opencv_storage>
