<?xml version="1.0"?>
<opencv_storage>
<H_invt type_id="opencv-matrix">
  <rows>3</rows>
  <cols>3</cols>
  <dt>f</dt>
  <data>
    6.51901102e+00 1.11754465e+00 -2.61896606e+03 3.18553418e-01
    1.58214874e+01 -1.48392810e+03 3.43194784e-04 2.75962846e-03
    6.29855573e-01</data></H_invt>
</opencv_storage>
