<?xml version="1.0"?>
<opencv_storage>
<H type_id="opencv-matrix">
  <rows>3</rows>
  <cols>3</cols>
  <dt>f</dt>
  <data>
    1.79086268e-01 -8.54908824e-02 271. 2.78946338e-03 -3.06380168e-02
    374. 2.78885182e-07 -2.29549900e-04 1.</data></H>
</opencv_storage>
