<?xml version="1.0"?>
<opencv_storage>
<H_invt type_id="opencv-matrix">
  <rows>3</rows>
  <cols>3</cols>
  <dt>f</dt>
  <data>
    5.55114603e+00 2.34084439e+00 -2.37983643e+03 -2.69964367e-01
    1.79976234e+01 -6.65795117e+03 -6.35184260e-05 4.13070014e-03
    -5.27668297e-01</data></H_invt>
</opencv_storage>
