<?xml version="1.0"?>
<opencv_storage>
<H type_id="opencv-matrix">
  <rows>3</rows>
  <cols>3</cols>
  <dt>f</dt>
  <data>
    1.70894250e-01 -4.29302193e-02 447. -3.23733203e-02 2.25303039e-01
    179. 6.30293362e-05 4.92524305e-05 1.</data></H>
</opencv_storage>
