<?xml version="1.0"?>
<opencv_storage>
<H_invt type_id="opencv-matrix">
  <rows>3</rows>
  <cols>3</cols>
  <dt>f</dt>
  <data>
    7.71465254e+00 2.31439567e+00 -3.86272656e+03 1.55569518e+00
    5.08592653e+00 -1.60577661e+03 -5.62871224e-04 -3.96369083e-04
    1.32255352e+00</data></H_invt>
</opencv_storage>
