<?xml version="1.0"?>
<opencv_storage>
<Rot type_id="opencv-matrix">
  <rows>3</rows>
  <cols>3</cols>
  <dt>f</dt>
  <data>
    -8.93354118e-01 -4.31062818e-01 1.26898602e-01 -2.35605240e-01
    2.08866283e-01 -9.49139118e-01 3.82633746e-01 -8.77815306e-01
    -2.88152218e-01</data></Rot>
</opencv_storage>
