<?xml version="1.0"?>
<opencv_storage>
<H type_id="opencv-matrix">
  <rows>3</rows>
  <cols>3</cols>
  <dt>f</dt>
  <data>
    1.12944908e-01 -4.07498293e-02 168. -3.95392254e-03 -2.13187169e-02
    283. -1.39714575e-05 -1.77524897e-04 1.</data></H>
</opencv_storage>
