<?xml version="1.0"?>
<opencv_storage>
<H_invt type_id="opencv-matrix">
  <rows>3</rows>
  <cols>3</cols>
  <dt>f</dt>
  <data>
    8.67362022e+00 3.27670097e+00 -2.38447461e+03 1.85480715e-08
    3.45771561e+01 -9.78533496e+03 1.21183119e-04 6.18408620e-03
    -7.70455182e-01</data></H_invt>
</opencv_storage>
