<?xml version="1.0"?>
<opencv_storage>
<H type_id="opencv-matrix">
  <rows>3</rows>
  <cols>3</cols>
  <dt>f</dt>
  <data>
    1.97542936e-01 -6.71103746e-02 150. 5.37893828e-03 -1.97001640e-02
    347. 1.06120788e-05 -2.34168387e-04 1.</data></H>
</opencv_storage>
