<?xml version="1.0"?>
<opencv_storage>
<H type_id="opencv-matrix">
  <rows>3</rows>
  <cols>3</cols>
  <dt>f</dt>
  <data>
    -1.18510410e-01 -2.47391760e-02 617. 8.23417529e-02 6.90992782e-03
    261. -2.59656779e-04 1.37465458e-05 1.</data></H>
</opencv_storage>
