<?xml version="1.0"?>
<opencv_storage>
<H_invt type_id="opencv-matrix">
  <rows>3</rows>
  <cols>3</cols>
  <dt>f</dt>
  <data>
    6.48163915e-01 6.48163939e+00 -2.09162500e+03 -2.92880707e+01
    8.13557434e+00 1.59473545e+04 5.70909935e-04 1.57116551e-03
    2.37674341e-01</data></H_invt>
</opencv_storage>
