<?xml version="1.0"?>
<opencv_storage>
<H type_id="opencv-matrix">
  <rows>3</rows>
  <cols>3</cols>
  <dt>f</dt>
  <data>
    1.43944100e-01 -3.49788927e-02 112. 2.24206112e-02 4.48874682e-02
    68. 3.29714880e-04 -1.55865200e-04 1.</data></H>
</opencv_storage>
