<?xml version="1.0"?>
<opencv_storage>
<Rot type_id="opencv-matrix">
  <rows>3</rows>
  <cols>3</cols>
  <dt>f</dt>
  <data>
    7.13499427e-01 -5.50010920e-01 -4.34058249e-01 -5.90263307e-01
    -1.38068959e-01 -7.95315146e-01 3.77502024e-01 8.23665559e-01
    -4.23163354e-01</data></Rot>
</opencv_storage>
