<?xml version="1.0"?>
<opencv_storage>
<H type_id="opencv-matrix">
  <rows>3</rows>
  <cols>3</cols>
  <dt>f</dt>
  <data>
    1.72281615e-03 -4.29317653e-02 368. -9.46799386e-03 6.31312206e-02
    89. -5.99240120e-05 -7.80259361e-05 1.</data></H>
</opencv_storage>
