<?xml version="1.0"?>
<opencv_storage>
<Rot type_id="opencv-matrix">
  <rows>3</rows>
  <cols>3</cols>
  <dt>f</dt>
  <data>
    1.41424909e-01 -1.13053964e-02 9.89884436e-01 3.84521991e-01
    9.22047138e-01 -4.44060713e-02 -9.12218094e-01 3.86912465e-01
    1.34747595e-01</data></Rot>
</opencv_storage>
