<?xml version="1.0"?>
<opencv_storage>
<H type_id="opencv-matrix">
  <rows>3</rows>
  <cols>3</cols>
  <dt>f</dt>
  <data>
    2.35402629e-01 -5.05544692e-02 135. 2.82174237e-02 1.01264380e-02
    251. 4.81404168e-05 -2.28035497e-04 1.</data></H>
</opencv_storage>
