<?xml version="1.0"?>
<opencv_storage>
<Rot type_id="opencv-matrix">
  <rows>3</rows>
  <cols>3</cols>
  <dt>f</dt>
  <data>
    9.90669787e-01 9.44162756e-02 -9.82799754e-02 4.14062329e-02
    4.78529245e-01 8.77094805e-01 1.29841864e-01 -8.72980714e-01
    4.70155060e-01</data></Rot>
</opencv_storage>
