<?xml version="1.0"?>
<opencv_storage>
<H type_id="opencv-matrix">
  <rows>3</rows>
  <cols>3</cols>
  <dt>f</dt>
  <data>
    1.60450384e-01 -6.37814626e-02 386. -1.25585322e-03 5.16336858e-02
    84. -2.15059345e-06 -1.48390463e-04 1.</data></H>
</opencv_storage>
