<?xml version="1.0"?>
<opencv_storage>
<H_invt type_id="opencv-matrix">
  <rows>3</rows>
  <cols>3</cols>
  <dt>f</dt>
  <data>
    6.20457363e+00 6.29449368e-01 -2.44783911e+03 1.04077004e-01
    1.56115513e+01 -1.35154407e+03 2.87875500e-05 2.31795898e-03
    7.94179440e-01</data></H_invt>
</opencv_storage>
