<?xml version="1.0"?>
<opencv_storage>
<Rot type_id="opencv-matrix">
  <rows>3</rows>
  <cols>3</cols>
  <dt>f</dt>
  <data>
    -5.42739213e-01 4.41475391e-01 7.14516342e-01 6.66501105e-01
    -2.91285485e-01 6.86242700e-01 5.11087537e-01 8.48676741e-01
    -1.36151776e-01</data></Rot>
</opencv_storage>
