<?xml version="1.0"?>
<opencv_storage>
<H type_id="opencv-matrix">
  <rows>3</rows>
  <cols>3</cols>
  <dt>f</dt>
  <data>
    1.49423614e-01 3.16734576e+00 479. -5.84166884e-01 1.90668225e+00
    137. -3.80020100e-03 5.60909603e-03 1.</data></H>
</opencv_storage>
