<?xml version="1.0"?>
<opencv_storage>
<H_invt type_id="opencv-matrix">
  <rows>3</rows>
  <cols>3</cols>
  <dt>f</dt>
  <data>
    5.00864565e-01 -2.11476237e-01 -2.10941895e+02 2.79595852e-02
    8.66747200e-01 -1.32137009e+02 1.74655812e-03 -5.66532044e-03
    9.39547598e-01</data></H_invt>
</opencv_storage>
