<?xml version="1.0"?>
<opencv_storage>
<H type_id="opencv-matrix">
  <rows>3</rows>
  <cols>3</cols>
  <dt>f</dt>
  <data>
    5.71088716e-02 -1.69994369e-01 438. 1.18455682e-02 1.41885094e-02
    120. -1.59585994e-04 -1.72717992e-04 1.</data></H>
</opencv_storage>
