<?xml version="1.0"?>
<opencv_storage>
<H_invt type_id="opencv-matrix">
  <rows>3</rows>
  <cols>3</cols>
  <dt>f</dt>
  <data>
    4.74467993e+00 1.28207302e+01 -3.61665747e+03 -4.21214247e+00
    1.72595100e+01 -2.26222839e+02 2.96716371e-05 5.02703711e-03
    3.83759379e-01</data></H_invt>
</opencv_storage>
