<?xml version="1.0"?>
<opencv_storage>
<Rot type_id="opencv-matrix">
  <rows>3</rows>
  <cols>3</cols>
  <dt>f</dt>
  <data>
    -7.36440480e-01 -5.25453091e-01 4.26092058e-01 4.95961905e-01
    8.99851695e-03 8.68297637e-01 -4.60083902e-01 8.50775003e-01
    2.53977865e-01</data></Rot>
</opencv_storage>
