<?xml version="1.0"?>
<opencv_storage>
<H type_id="opencv-matrix">
  <rows>3</rows>
  <cols>3</cols>
  <dt>f</dt>
  <data>
    6.18467689e-01 3.18340391e-01 393. -1.04259851e-03 2.03257352e-01
    57. 1.06253289e-03 5.55815466e-04 1.</data></H>
</opencv_storage>
