<?xml version="1.0"?>
<opencv_storage>
<H_invt type_id="opencv-matrix">
  <rows>3</rows>
  <cols>3</cols>
  <dt>f</dt>
  <data>
    4.22360325e+00 -2.45931268e+00 -1.51969519e+03 1.51655006e+00
    4.94527102e+00 -8.77884644e+02 -5.33063943e-03 -1.35557639e-04
    3.10266805e+00</data></H_invt>
</opencv_storage>
