<?xml version="1.0"?>
<opencv_storage>
<H_invt type_id="opencv-matrix">
  <rows>3</rows>
  <cols>3</cols>
  <dt>f</dt>
  <data>
    8.47080421e+00 3.40779519e+00 -3.50058423e+03 -3.60960394e-01
    2.71923485e+01 -9.99306738e+03 3.11709970e-04 4.00660420e-03
    -5.68741560e-01</data></H_invt>
</opencv_storage>
