<?xml version="1.0"?>
<opencv_storage>
<H type_id="opencv-matrix">
  <rows>3</rows>
  <cols>3</cols>
  <dt>f</dt>
  <data>
    2.49199793e-02 -2.15708949e-02 557. -5.06650517e-03 9.50161517e-02
    157. -1.15952307e-05 -9.09311930e-05 1.</data></H>
</opencv_storage>
