<?xml version="1.0"?>
<opencv_storage>
<H_invt type_id="opencv-matrix">
  <rows>3</rows>
  <cols>3</cols>
  <dt>f</dt>
  <data>
    3.10152988e+01 -8.25177670e+00 -1.59799932e+04 9.21174586e-01
    8.90468788e+00 -1.91113025e+03 4.43393074e-04 7.14032678e-04
    6.40926957e-01</data></H_invt>
</opencv_storage>
