<?xml version="1.0"?>
<opencv_storage>
<Rot type_id="opencv-matrix">
  <rows>3</rows>
  <cols>3</cols>
  <dt>f</dt>
  <data>
    -4.25522596e-01 8.50831151e-01 -3.08248132e-01 2.07456544e-01
    -2.39837661e-01 -9.48387921e-01 -8.80847514e-01 -4.67508584e-01
    -7.44541436e-02</data></Rot>
</opencv_storage>
