<?xml version="1.0"?>
<opencv_storage>
<H type_id="opencv-matrix">
  <rows>3</rows>
  <cols>3</cols>
  <dt>f</dt>
  <data>
    5.77626228e-02 -4.77995761e-02 104. 6.24744082e-03 1.32148657e-02
    60. 2.12022351e-05 -3.18366336e-04 1.</data></H>
</opencv_storage>
