<?xml version="1.0"?>
<opencv_storage>
<H type_id="opencv-matrix">
  <rows>3</rows>
  <cols>3</cols>
  <dt>f</dt>
  <data>
    2.67119646e-01 -1.27782747e-01 475. -2.42329538e-02 2.39270121e-01
    199. 1.02796839e-04 -4.36352275e-06 1.</data></H>
</opencv_storage>
