<?xml version="1.0"?>
<opencv_storage>
<H_invt type_id="opencv-matrix">
  <rows>3</rows>
  <cols>3</cols>
  <dt>f</dt>
  <data>
    5.13092518e+00 2.68598771e+00 -2.97170093e+03 9.54859972e-01
    4.66412401e+00 -1.38171912e+03 -5.23276336e-04 -2.55759049e-04
    1.29945230e+00</data></H_invt>
</opencv_storage>
