<?xml version="1.0"?>
<opencv_storage>
<Rot type_id="opencv-matrix">
  <rows>3</rows>
  <cols>3</cols>
  <dt>f</dt>
  <data>
    7.85696983e-01 4.67299849e-01 -4.05353040e-01 -4.39226359e-01
    -4.00157422e-02 -8.97484779e-01 -4.35615003e-01 8.83192837e-01
    1.73810169e-01</data></Rot>
</opencv_storage>
