<?xml version="1.0"?>
<opencv_storage>
<H type_id="opencv-matrix">
  <rows>3</rows>
  <cols>3</cols>
  <dt>f</dt>
  <data>
    9.28494036e-02 -4.56723049e-02 264. -1.25456192e-02 -1.40808336e-02
    371. -3.74919691e-05 -1.24226630e-04 1.</data></H>
</opencv_storage>
