<?xml version="1.0"?>
<opencv_storage>
<H_invt type_id="opencv-matrix">
  <rows>3</rows>
  <cols>3</cols>
  <dt>f</dt>
  <data>
    9.68091869e+00 3.89462137e+00 -4.00066724e+03 -4.12525922e-01
    3.10769672e+01 -1.14206475e+04 3.11709999e-04 4.00660373e-03
    -5.68741500e-01</data></H_invt>
</opencv_storage>
