<?xml version="1.0"?>
<opencv_storage>
<H type_id="opencv-matrix">
  <rows>3</rows>
  <cols>3</cols>
  <dt>f</dt>
  <data>
    5.89308083e-01 1.59879267e-01 265. 2.59420462e-02 1.28148943e-01 9.
    1.08305726e-03 3.12255841e-04 1.</data></H>
</opencv_storage>
