<?xml version="1.0"?>
<opencv_storage>
<H_invt type_id="opencv-matrix">
  <rows>3</rows>
  <cols>3</cols>
  <dt>f</dt>
  <data>
    3.42076755e+00 -2.10508776e+00 -8.87557617e+02 -4.41984415e-01
    8.25037575e+00 4.28724899e+01 -3.56687489e-03 -2.96297541e-04
    1.94788861e+00</data></H_invt>
</opencv_storage>
