<?xml version="1.0"?>
<opencv_storage>
<H type_id="opencv-matrix">
  <rows>3</rows>
  <cols>3</cols>
  <dt>f</dt>
  <data>
    6.52213573e-01 -3.16431135e-01 469. 1.20645896e-01 1.18031250e-02
    50. 1.03459321e-03 -5.39232453e-04 1.</data></H>
</opencv_storage>
