<?xml version="1.0"?>
<opencv_storage>
<H_invt type_id="opencv-matrix">
  <rows>3</rows>
  <cols>3</cols>
  <dt>f</dt>
  <data>
    5.32780933e+00 8.87968183e-01 -2.13201172e+03 1.83670148e-01
    1.08365393e+01 -1.77002930e+03 1.14710660e-04 2.40166835e-03
    5.80036283e-01</data></H_invt>
</opencv_storage>
