<?xml version="1.0"?>
<opencv_storage>
<H type_id="opencv-matrix">
  <rows>3</rows>
  <cols>3</cols>
  <dt>f</dt>
  <data>
    1.25313863e-01 -6.77008852e-02 277. -5.20660682e-03 4.21572179e-02
    115. -3.62215142e-05 -2.03391217e-04 1.</data></H>
</opencv_storage>
