<?xml version="1.0"?>
<opencv_storage>
<H_invt type_id="opencv-matrix">
  <rows>3</rows>
  <cols>3</cols>
  <dt>f</dt>
  <data>
    7.39826870e+00 1.28236675e+00 -2.19679248e+03 1.17511936e-01
    1.52765484e+01 -1.78935388e+03 2.91877397e-04 3.15356511e-03
    5.56490004e-01</data></H_invt>
</opencv_storage>
