<?xml version="1.0"?>
<opencv_storage>
<Rot type_id="opencv-matrix">
  <rows>3</rows>
  <cols>3</cols>
  <dt>f</dt>
  <data>
    9.96988058e-01 -7.28539005e-02 2.65922062e-02 3.20795663e-02
    6.99562073e-01 7.13851392e-01 -7.06097558e-02 -7.10848212e-01
    6.99792147e-01</data></Rot>
</opencv_storage>
