<?xml version="1.0"?>
<opencv_storage>
<H type_id="opencv-matrix">
  <rows>3</rows>
  <cols>3</cols>
  <dt>f</dt>
  <data>
    7.46743023e-01 3.83693486e-01 372. 7.14824125e-02 1.70691311e-01 70.
    1.31420058e-03 8.09725141e-04 1.</data></H>
</opencv_storage>
