<?xml version="1.0"?>
<opencv_storage>
<H_invt type_id="opencv-matrix">
  <rows>3</rows>
  <cols>3</cols>
  <dt>f</dt>
  <data>
    3.66705203e+00 -2.65276146e+00 -1.17845007e+03 6.59739017e-01
    8.29385948e+00 -8.25993103e+02 -5.35344938e-03 -3.22948606e-03
    3.21754718e+00</data></H_invt>
</opencv_storage>
