<?xml version="1.0"?>
<opencv_storage>
<Rot type_id="opencv-matrix">
  <rows>3</rows>
  <cols>3</cols>
  <dt>f</dt>
  <data>
    3.32802325e-01 -4.30754453e-01 -8.38864267e-01 -3.54199529e-01
    7.67335176e-01 -5.34545958e-01 8.73948097e-01 4.75023448e-01
    1.02797911e-01</data></Rot>
</opencv_storage>
