<?xml version="1.0"?>
<opencv_storage>
<H type_id="opencv-matrix">
  <rows>3</rows>
  <cols>3</cols>
  <dt>f</dt>
  <data>
    2.42632568e-01 8.88847467e-03 70. 8.87890086e-02 1.05191417e-01 72.
    9.80718876e-04 -1.06277867e-05 1.</data></H>
</opencv_storage>
