<?xml version="1.0"?>
<opencv_storage>
<H_invt type_id="opencv-matrix">
  <rows>3</rows>
  <cols>3</cols>
  <dt>f</dt>
  <data>
    5.80282784e+00 -5.27529836e-01 -3.68215820e+02 -9.95496571e-01
    9.52832413e+00 -6.16354614e+02 -5.70152281e-03 6.18623453e-04
    1.35456574e+00</data></H_invt>
</opencv_storage>
