<?xml version="1.0"?>
<opencv_storage>
<Rot type_id="opencv-matrix">
  <rows>3</rows>
  <cols>3</cols>
  <dt>f</dt>
  <data>
    -3.93539518e-01 -3.03162128e-01 -8.67882133e-01 -7.67115474e-01
    -4.11964118e-01 4.91751343e-01 -5.06616652e-01 8.59289408e-01
    -7.04362169e-02</data></Rot>
</opencv_storage>
