<?xml version="1.0"?>
<opencv_storage>
<H_invt type_id="opencv-matrix">
  <rows>3</rows>
  <cols>3</cols>
  <dt>f</dt>
  <data>
    3.47545171e+00 1.53038506e-08 -1.84198938e+03 2.21685201e-01
    6.72445059e+00 -8.30284912e+02 2.58939137e-04 4.57247108e-04
    8.14294040e-01</data></H_invt>
</opencv_storage>
