<?xml version="1.0"?>
<opencv_storage>
<Rot type_id="opencv-matrix">
  <rows>3</rows>
  <cols>3</cols>
  <dt>f</dt>
  <data>
    -4.52818871e-01 -8.84448946e-01 1.12717018e-01 8.61169994e-02
    8.24442282e-02 9.92867947e-01 -8.87433887e-01 4.59296197e-01
    3.88337895e-02</data></Rot>
</opencv_storage>
