<?xml version="1.0"?>
<opencv_storage>
<H type_id="opencv-matrix">
  <rows>3</rows>
  <cols>3</cols>
  <dt>f</dt>
  <data>
    1.06113605e-01 -5.21969236e-02 264. -1.43378498e-02 -1.60923824e-02
    371. -4.28479652e-05 -1.41973287e-04 1.</data></H>
</opencv_storage>
