<?xml version="1.0"?>
<opencv_storage>
<H_invt type_id="opencv-matrix">
  <rows>3</rows>
  <cols>3</cols>
  <dt>f</dt>
  <data>
    1.72953243e+01 7.86151218e+00 -2.27040454e+03 -2.66268396e+00
    2.97333031e+01 -1.50707910e+03 -1.21440843e-03 9.29940119e-03
    5.68334401e-01</data></H_invt>
</opencv_storage>
