<?xml version="1.0"?>
<opencv_storage>
<H_invt type_id="opencv-matrix">
  <rows>3</rows>
  <cols>3</cols>
  <dt>f</dt>
  <data>
    3.00536942e+00 6.14357293e-01 -6.10289246e+02 -7.55940259e-01
    3.28146768e+00 -5.19949402e+02 -1.49487416e-04 -2.74216927e-06
    1.02490389e+00</data></H_invt>
</opencv_storage>
