<?xml version="1.0"?>
<opencv_storage>
<H type_id="opencv-matrix">
  <rows>3</rows>
  <cols>3</cols>
  <dt>f</dt>
  <data>
    1.86031058e-01 -7.17693344e-02 386. 3.30325612e-03 5.35609871e-02
    84. 3.93244736e-05 -1.59782518e-04 1.</data></H>
</opencv_storage>
