<?xml version="1.0"?>
<opencv_storage>
<Rot type_id="opencv-matrix">
  <rows>3</rows>
  <cols>3</cols>
  <dt>f</dt>
  <data>
    8.31316113e-01 -1.66923669e-03 -5.55797398e-01 4.27494973e-01
    6.40982568e-01 6.37486756e-01 3.55192333e-01 -7.67553627e-01
    5.33572733e-01</data></Rot>
</opencv_storage>
