<?xml version="1.0"?>
<opencv_storage>
<H type_id="opencv-matrix">
  <rows>3</rows>
  <cols>3</cols>
  <dt>f</dt>
  <data>
    4.16504174e-01 5.43239499e-16 -2.84494650e-13 -6.46412431e-04
    3.12217206e-01 1. -2.66561824e-06 1.44239123e-18 1.</data></H>
</opencv_storage>
