<?xml version="1.0"?>
<opencv_storage>
<H_invt type_id="opencv-matrix">
  <rows>3</rows>
  <cols>3</cols>
  <dt>f</dt>
  <data>
    2.40093637e+00 -4.17748730e-15 6.87231034e-13 4.95038414e-03
    3.20289850e+00 -3.20289850e+00 6.39997961e-06 -4.63096818e-18 1.</data></H_invt>
</opencv_storage>
