<?xml version="1.0"?>
<opencv_storage>
<Rot type_id="opencv-matrix">
  <rows>3</rows>
  <cols>3</cols>
  <dt>f</dt>
  <data>
    -1.90125823e-01 -8.61428559e-01 4.70948994e-01 -8.05307090e-01
    -1.37537628e-01 -5.76683521e-01 5.61544836e-01 -4.88901019e-01
    -6.67565107e-01</data></Rot>
</opencv_storage>
