<?xml version="1.0"?>
<opencv_storage>
<H type_id="opencv-matrix">
  <rows>3</rows>
  <cols>3</cols>
  <dt>f</dt>
  <data>
    -3.89730644e+00 -9.45463467e+00 320. -1.82426810e+00 -7.39401197e+00
    230. -8.50030128e-03 -2.93722562e-02 1.</data></H>
</opencv_storage>
