<?xml version="1.0"?>
<opencv_storage>
<H_invt type_id="opencv-matrix">
  <rows>3</rows>
  <cols>3</cols>
  <dt>f</dt>
  <data>
    -8.41337204e-01 7.31600598e-02 2.52401093e+02 -1.72382683e-01
    -1.55144322e+00 4.11994415e+02 -1.22148879e-02 -4.49475050e-02
    1.52466908e+01</data></H_invt>
</opencv_storage>
