<?xml version="1.0"?>
<opencv_storage>
<Rot type_id="opencv-matrix">
  <rows>3</rows>
  <cols>3</cols>
  <dt>f</dt>
  <data>
    6.21947050e-01 -7.61617661e-01 1.81990191e-01 -2.30586659e-02
    -2.50121355e-01 -9.67939854e-01 7.82719731e-01 5.97810924e-01
    -1.73124120e-01</data></Rot>
</opencv_storage>
