<?xml version="1.0"?>
<opencv_storage>
<H type_id="opencv-matrix">
  <rows>3</rows>
  <cols>3</cols>
  <dt>f</dt>
  <data>
    1.73923925e-01 -9.08356532e-02 283. -3.79870390e-03 5.95367961e-02
    60. -9.76968386e-06 -2.78435647e-04 1.</data></H>
</opencv_storage>
