<?xml version="1.0"?>
<opencv_storage>
<H_invt type_id="opencv-matrix">
  <rows>3</rows>
  <cols>3</cols>
  <dt>f</dt>
  <data>
    5.67596483e+00 8.96205485e-01 -1.66007031e+03 2.39158764e-01
    1.31537313e+01 -8.56905823e+02 1.22042708e-04 3.67122330e-03
    7.45188534e-01</data></H_invt>
</opencv_storage>
