<?xml version="1.0"?>
<opencv_storage>
<H type_id="opencv-matrix">
  <rows>3</rows>
  <cols>3</cols>
  <dt>f</dt>
  <data>
    2.48555556e-01 -1.60579756e-01 400. -5.10644773e-03 -1.87068209e-02
    298. 1.95645029e-04 -4.07492073e-04 1.</data></H>
</opencv_storage>
