<?xml version="1.0"?>
<opencv_storage>
<H_invt type_id="opencv-matrix">
  <rows>3</rows>
  <cols>3</cols>
  <dt>f</dt>
  <data>
    5.82107735e+00 -1.36966243e-01 -2.28761499e+03 3.59312534e+00
    9.65010738e+00 -4.31298193e+03 3.25305300e-04 3.95913888e-03
    -3.09945524e-01</data></H_invt>
</opencv_storage>
