<?xml version="1.0"?>
<opencv_storage>
<H type_id="opencv-matrix">
  <rows>3</rows>
  <cols>3</cols>
  <dt>f</dt>
  <data>
    8.96472037e-01 2.52819043e-02 431. 1.80556640e-01 1.85466498e-01
    131. 1.37829490e-03 1.97514906e-04 1.</data></H>
</opencv_storage>
