<?xml version="1.0"?>
<opencv_storage>
<H_invt type_id="opencv-matrix">
  <rows>3</rows>
  <cols>3</cols>
  <dt>f</dt>
  <data>
    3.30658364e+00 1.23996902e+00 -1.58757349e+03 -1.80900471e-07
    6.26597643e+00 -8.20842834e+02 -4.55744751e-03 -2.94666667e-03
    3.35027313e+00</data></H_invt>
</opencv_storage>
