<?xml version="1.0"?>
<opencv_storage>
<Rot type_id="opencv-matrix">
  <rows>3</rows>
  <cols>3</cols>
  <dt>f</dt>
  <data>
    -5.26161730e-01 -7.22439706e-01 -4.48591888e-01 1.02981649e-01
    4.69502658e-01 -8.76904786e-01 8.44125926e-01 -5.07590473e-01
    -1.72636300e-01</data></Rot>
</opencv_storage>
