<?xml version="1.0"?>
<opencv_storage>
<Rot type_id="opencv-matrix">
  <rows>3</rows>
  <cols>3</cols>
  <dt>f</dt>
  <data>
    -3.86512786e-01 7.72165179e-01 -5.04349887e-01 2.66760826e-01
    -4.29876655e-01 -8.62580240e-01 -8.82862687e-01 -4.67939079e-01
    -3.98306102e-02</data></Rot>
</opencv_storage>
