<?xml version="1.0"?>
<opencv_storage>
<H type_id="opencv-matrix">
  <rows>3</rows>
  <cols>3</cols>
  <dt>f</dt>
  <data>
    1.25722706e-01 -1.01008356e-01 105. 1.18889287e-02 2.94532347e-02
    62. 2.38010871e-05 -6.18345162e-04 1.</data></H>
</opencv_storage>
