<?xml version="1.0"?>
<opencv_storage>
<H_invt type_id="opencv-matrix">
  <rows>3</rows>
  <cols>3</cols>
  <dt>f</dt>
  <data>
    7.76601696e+00 4.13352537e+00 -1.07171033e+03 -1.19293118e+00
    1.41163530e+01 -7.49956116e+02 -9.22482926e-04 8.63039587e-03
    5.61776161e-01</data></H_invt>
</opencv_storage>
