<?xml version="1.0"?>
<opencv_storage>
<H type_id="opencv-matrix">
  <rows>3</rows>
  <cols>3</cols>
  <dt>f</dt>
  <data>
    5.28280795e-01 -3.77055071e-02 382. 1.47944376e-01 7.82484263e-02
    228. 8.90762429e-04 -2.45774892e-04 1.</data></H>
</opencv_storage>
