<?xml version="1.0"?>
<opencv_storage>
<H_invt type_id="opencv-matrix">
  <rows>3</rows>
  <cols>3</cols>
  <dt>f</dt>
  <data>
    4.73748922e+00 -1.98201072e+00 -1.35782239e+03 1.94563615e+00
    6.63285160e+00 -2.25552319e+03 -3.74178868e-03 3.39568919e-03
    1.65514624e+00</data></H_invt>
</opencv_storage>
