<?xml version="1.0"?>
<opencv_storage>
<H_invt type_id="opencv-matrix">
  <rows>3</rows>
  <cols>3</cols>
  <dt>f</dt>
  <data>
    2.17469654e+01 -1.04385433e+01 -3.04457512e+01 -2.13654423e+00
    2.77750721e+01 -1.20073779e+03 -2.30181427e-03 -1.00764157e-02
    1.50638044e+00</data></H_invt>
</opencv_storage>
