<?xml version="1.0"?>
<opencv_storage>
<H type_id="opencv-matrix">
  <rows>3</rows>
  <cols>3</cols>
  <dt>f</dt>
  <data>
    3.29636425e-01 -7.07480162e-02 121. -1.13906758e-02 2.15777680e-01
    88. 2.79911794e-04 -3.55508440e-04 1.</data></H>
</opencv_storage>
