<?xml version="1.0"?>
<opencv_storage>
<H_invt type_id="opencv-matrix">
  <rows>3</rows>
  <cols>3</cols>
  <dt>f</dt>
  <data>
    3.42790103e+00 3.84764373e-01 -4.48635284e+02 4.99804795e-01
    4.10366058e+00 -4.21598511e+02 -7.81825103e-04 1.35118584e-03
    9.75696504e-01</data></H_invt>
</opencv_storage>
