<?xml version="1.0"?>
<opencv_storage>
<H type_id="opencv-matrix">
  <rows>3</rows>
  <cols>3</cols>
  <dt>f</dt>
  <data>
    1.49624199e-01 -5.33187352e-02 146. 1.35869691e-02 -1.13974186e-02
    297. 1.83696247e-05 -1.97923364e-04 1.</data></H>
</opencv_storage>
