<?xml version="1.0"?>
<opencv_storage>
<H_invt type_id="opencv-matrix">
  <rows>3</rows>
  <cols>3</cols>
  <dt>f</dt>
  <data>
    6.61669207e+00 3.41014147e+00 -1.97884900e+03 -1.13539410e+00
    2.05181942e+01 -5.92813623e+03 -3.46267188e-04 3.99838714e-03
    -1.36965960e-01</data></H_invt>
</opencv_storage>
