<?xml version="1.0"?>
<opencv_storage>
<Rot type_id="opencv-matrix">
  <rows>3</rows>
  <cols>3</cols>
  <dt>f</dt>
  <data>
    9.96972501e-01 3.90294157e-02 -6.72496557e-02 4.18980606e-02
    4.58930075e-01 8.87483954e-01 6.55008703e-02 -8.87614727e-01
    4.55905408e-01</data></Rot>
</opencv_storage>
