<?xml version="1.0"?>
<opencv_storage>
<H type_id="opencv-matrix">
  <rows>3</rows>
  <cols>3</cols>
  <dt>f</dt>
  <data>
    3.13914031e-01 -1.74567878e-01 357. -1.18060056e-02 6.63066804e-02
    158. -4.48897554e-05 -3.93066875e-04 1.</data></H>
</opencv_storage>
