<?xml version="1.0"?>
<opencv_storage>
<H_invt type_id="opencv-matrix">
  <rows>3</rows>
  <cols>3</cols>
  <dt>f</dt>
  <data>
    3.04244733e+00 8.11319411e-01 -1.21434216e+03 1.11675151e-01
    7.81725979e+00 -1.27499512e+03 1.80470524e-04 3.10912589e-03
    4.44330126e-01</data></H_invt>
</opencv_storage>
