<?xml version="1.0"?>
<opencv_storage>
<Rot type_id="opencv-matrix">
  <rows>3</rows>
  <cols>3</cols>
  <dt>f</dt>
  <data>
    -7.84133434e-01 -5.88063955e-01 -1.98281541e-01 6.32845834e-02
    2.42067724e-01 -9.68193293e-01 6.17357135e-01 -7.71740913e-01
    -1.52598009e-01</data></Rot>
</opencv_storage>
