<?xml version="1.0"?>
<opencv_storage>
<H_invt type_id="opencv-matrix">
  <rows>3</rows>
  <cols>3</cols>
  <dt>f</dt>
  <data>
    4.35997391e+01 8.84632301e+00 -1.68320273e+04 2.57257175e+00
    1.47922878e+01 -2.26321997e+03 2.81339861e-03 1.68428919e-03
    -1.85232446e-01</data></H_invt>
</opencv_storage>
