<?xml version="1.0"?>
<opencv_storage>
<H type_id="opencv-matrix">
  <rows>3</rows>
  <cols>3</cols>
  <dt>f</dt>
  <data>
    1.08990461e-01 1.50571764e-02 511. -1.37146302e-02 5.76651469e-02
    170. -9.85272782e-05 2.94660986e-05 1.</data></H>
</opencv_storage>
