<?xml version="1.0"?>
<opencv_storage>
<H_invt type_id="opencv-matrix">
  <rows>3</rows>
  <cols>3</cols>
  <dt>f</dt>
  <data>
    6.27597094e+00 1.95122096e-09 -3.20702100e+03 -3.61737490e-01
    1.89912205e+01 -3.04365967e+03 6.29013288e-04 -5.59597160e-04
    7.73705721e-01</data></H_invt>
</opencv_storage>
