<?xml version="1.0"?>
<opencv_storage>
<Rot type_id="opencv-matrix">
  <rows>3</rows>
  <cols>3</cols>
  <dt>f</dt>
  <data>
    -7.69608887e-05 -8.76982510e-01 4.80522335e-01 -1.15518365e-03
    4.80522096e-01 8.76981854e-01 -9.99999344e-01 -4.87598241e-04
    -1.05005724e-03</data></Rot>
</opencv_storage>
