<?xml version="1.0"?>
<opencv_storage>
<H type_id="opencv-matrix">
  <rows>3</rows>
  <cols>3</cols>
  <dt>f</dt>
  <data>
    2.36995625e+00 2.39454794e+00 392. 9.56910104e-03 3.02640772e+00
    289. 7.26829225e-04 5.08782407e-03 1.</data></H>
</opencv_storage>
