<?xml version="1.0"?>
<opencv_storage>
<Rot type_id="opencv-matrix">
  <rows>3</rows>
  <cols>3</cols>
  <dt>f</dt>
  <data>
    9.33582902e-01 3.11996728e-01 1.76298082e-01 -9.41669494e-02
    6.88246906e-01 -7.19339132e-01 -3.45768064e-01 6.54961288e-01
    6.71915293e-01</data></Rot>
</opencv_storage>
