<?xml version="1.0"?>
<opencv_storage>
<H type_id="opencv-matrix">
  <rows>3</rows>
  <cols>3</cols>
  <dt>f</dt>
  <data>
    5.88230323e-03 -1.54454606e-02 438. 1.07006659e-03 1.06162834e-03
    121. -1.25810839e-05 -1.66677291e-05 1.</data></H>
</opencv_storage>
