<?xml version="1.0"?>
<opencv_storage>
<H_invt type_id="opencv-matrix">
  <rows>3</rows>
  <cols>3</cols>
  <dt>f</dt>
  <data>
    5.47890663e+01 1.44962723e+02 -4.15381016e+04 -4.61385345e+01
    2.02766724e+02 -4.32609473e+03 -7.97187749e-05 5.20344917e-03
    4.05299485e-01</data></H_invt>
</opencv_storage>
