<?xml version="1.0"?>
<opencv_storage>
<Rot type_id="opencv-matrix">
  <rows>3</rows>
  <cols>3</cols>
  <dt>f</dt>
  <data>
    -3.68688613e-01 -8.50371540e-01 3.75415683e-01 3.42076778e-01
    2.51405060e-01 9.05416429e-01 -8.64321828e-01 4.62237716e-01
    1.98202178e-01</data></Rot>
</opencv_storage>
