<?xml version="1.0"?>
<opencv_storage>
<H type_id="opencv-matrix">
  <rows>3</rows>
  <cols>3</cols>
  <dt>f</dt>
  <data>
    3.38011891e-01 2.49903686e-02 390. 4.27574851e-02 1.49016798e-01
    246. 3.76281736e-04 -4.09289387e-05 1.</data></H>
</opencv_storage>
