<?xml version="1.0"?>
<opencv_storage>
<H_invt type_id="opencv-matrix">
  <rows>3</rows>
  <cols>3</cols>
  <dt>f</dt>
  <data>
    4.89994717e+00 -1.26137257e+00 -1.60068176e+03 1.53411829e+00
    5.89101362e+00 -2.04749548e+03 -1.78097084e-03 7.15744391e-04
    1.51850545e+00</data></H_invt>
</opencv_storage>
