<?xml version="1.0"?>
<opencv_storage>
<H type_id="opencv-matrix">
  <rows>3</rows>
  <cols>3</cols>
  <dt>f</dt>
  <data>
    4.40241635e-01 1.24156497e-01 400. 3.77018750e-02 1.66541561e-01 50.
    6.19882718e-04 2.86608236e-04 1.</data></H>
</opencv_storage>
