<?xml version="1.0"?>
<opencv_storage>
<H_invt type_id="opencv-matrix">
  <rows>3</rows>
  <cols>3</cols>
  <dt>f</dt>
  <data>
    5.21188068e+00 -3.25742751e-01 -2.06846509e+03 -2.29680523e-01
    6.58417606e+00 -2.37336594e+02 -3.16492654e-03 -1.68515672e-03
    2.35022855e+00</data></H_invt>
</opencv_storage>
