<?xml version="1.0"?>
<opencv_storage>
<Rot type_id="opencv-matrix">
  <rows>3</rows>
  <cols>3</cols>
  <dt>f</dt>
  <data>
    -6.43363893e-01 -3.33326668e-01 -6.89185202e-01 5.74874222e-01
    3.84161443e-01 -7.22453892e-01 5.05571544e-01 -8.60995531e-01
    -5.55346869e-02</data></Rot>
</opencv_storage>
