<?xml version="1.0"?>
<opencv_storage>
<H type_id="opencv-matrix">
  <rows>3</rows>
  <cols>3</cols>
  <dt>f</dt>
  <data>
    2.73806185e-01 -2.73342747e-02 303. 1.87218393e-04 1.21562205e-01
    46. 4.00722092e-05 -4.88339865e-05 1.</data></H>
</opencv_storage>
