<?xml version="1.0"?>
<opencv_storage>
<H_invt type_id="opencv-matrix">
  <rows>3</rows>
  <cols>3</cols>
  <dt>f</dt>
  <data>
    3.82414150e+00 3.87254834e-01 -1.17652856e+03 5.11529483e-02
    8.08216572e+00 -3.87278961e+02 -1.50743799e-04 3.79166187e-04
    1.02823377e+00</data></H_invt>
</opencv_storage>
