<?xml version="1.0"?>
<opencv_storage>
<Rot type_id="opencv-matrix">
  <rows>3</rows>
  <cols>3</cols>
  <dt>f</dt>
  <data>
    -4.57695872e-01 -4.84015971e-01 7.45817065e-01 7.58579612e-01
    2.24953309e-01 6.11516953e-01 -4.63757962e-01 8.45650375e-01
    2.64204443e-01</data></Rot>
</opencv_storage>
