<?xml version="1.0"?>
<opencv_storage>
<H type_id="opencv-matrix">
  <rows>3</rows>
  <cols>3</cols>
  <dt>f</dt>
  <data>
    4.65855785e-02 -1.77301735e-01 438. 4.84415051e-03 8.82790331e-03
    124. -1.75730282e-04 -1.91558240e-04 1.</data></H>
</opencv_storage>
