<?xml version="1.0"?>
<opencv_storage>
<H_invt type_id="opencv-matrix">
  <rows>3</rows>
  <cols>3</cols>
  <dt>f</dt>
  <data>
    5.00229454e+00 1.43399105e+01 -3.96915381e+03 -4.08931971e+00
    1.89699001e+01 -5.61145569e+02 9.57117154e-05 6.15379727e-03
    1.95007399e-01</data></H_invt>
</opencv_storage>
