<?xml version="1.0"?>
<opencv_storage>
<H type_id="opencv-matrix">
  <rows>3</rows>
  <cols>3</cols>
  <dt>f</dt>
  <data>
    6.04264848e-02 -1.52145818e-01 440. 1.16886264e-02 1.25727952e-02
    119. -1.20379969e-04 -1.58563809e-04 1.</data></H>
</opencv_storage>
