<?xml version="1.0"?>
<opencv_storage>
<H_invt type_id="opencv-matrix">
  <rows>3</rows>
  <cols>3</cols>
  <dt>f</dt>
  <data>
    5.50812626e+00 1.44312906e+01 -4.14089941e+03 -4.55721807e+00
    1.98647957e+01 -3.58734802e+02 -5.95417296e-05 4.88707609e-03
    4.44636315e-01</data></H_invt>
</opencv_storage>
