<?xml version="1.0"?>
<opencv_storage>
<H type_id="opencv-matrix">
  <rows>3</rows>
  <cols>3</cols>
  <dt>f</dt>
  <data>
    2.50543416e-01 -3.60387750e-02 530. -1.69234779e-02 1.41503274e-01
    106. -7.01678728e-05 -6.79976874e-05 1.</data></H>
</opencv_storage>
