<?xml version="1.0"?>
<opencv_storage>
<H type_id="opencv-matrix">
  <rows>3</rows>
  <cols>3</cols>
  <dt>f</dt>
  <data>
    2.83755243e-01 -3.67747247e-03 420. 2.31465846e-02 6.84740543e-02
    172. 1.24454062e-04 2.80724385e-06 1.</data></H>
</opencv_storage>
