<?xml version="1.0"?>
<opencv_storage>
<H_invt type_id="opencv-matrix">
  <rows>3</rows>
  <cols>3</cols>
  <dt>f</dt>
  <data>
    4.31762409e+00 3.08401734e-01 -1.86644727e+03 -1.10525534e-01
    1.46998892e+01 -2.48196021e+03 -5.37035579e-04 -7.96480235e-05
    1.23925436e+00</data></H_invt>
</opencv_storage>
