<?xml version="1.0"?>
<opencv_storage>
<H type_id="opencv-matrix">
  <rows>3</rows>
  <cols>3</cols>
  <dt>f</dt>
  <data>
    3.97183686e-01 2.05919161e-01 441. 8.24333653e-02 2.39264578e-01
    195. 4.54590947e-04 4.07292420e-04 1.</data></H>
</opencv_storage>
