<?xml version="1.0"?>
<opencv_storage>
<H_invt type_id="opencv-matrix">
  <rows>3</rows>
  <cols>3</cols>
  <dt>f</dt>
  <data>
    5.05736876e+00 -8.32225204e-01 -2.06801562e+03 1.96541607e-01
    6.22381401e+00 -1.30031860e+03 -2.37908401e-03 -2.15659011e-03
    2.46971107e+00</data></H_invt>
</opencv_storage>
