<?xml version="1.0"?>
<opencv_storage>
<H type_id="opencv-matrix">
  <rows>3</rows>
  <cols>3</cols>
  <dt>f</dt>
  <data>
    4.69201624e-01 2.38699317e-02 95. -4.04780023e-02 1.66743800e-01 57.
    -3.57071316e-04 1.10522044e-04 1.</data></H>
</opencv_storage>
