<?xml version="1.0"?>
<opencv_storage>
<H_invt type_id="opencv-matrix">
  <rows>3</rows>
  <cols>3</cols>
  <dt>f</dt>
  <data>
    1.98098063e+00 -1.65081725e-01 -1.78783508e+02 2.48479858e-01
    6.21199608e+00 -3.77689362e+02 6.79888879e-04 -7.45508412e-04
    9.77904558e-01</data></H_invt>
</opencv_storage>
