<?xml version="1.0"?>
<opencv_storage>
<Rot type_id="opencv-matrix">
  <rows>3</rows>
  <cols>3</cols>
  <dt>f</dt>
  <data>
    -2.68366039e-01 4.55303490e-01 -8.48927796e-01 -8.60757649e-01
    2.82340616e-01 4.23532814e-01 4.32522774e-01 8.44382942e-01
    3.16135317e-01</data></Rot>
</opencv_storage>
