<?xml version="1.0"?>
<opencv_storage>
<H type_id="opencv-matrix">
  <rows>3</rows>
  <cols>3</cols>
  <dt>f</dt>
  <data>
    1.25198528e-01 -1.16114795e-01 386. 2.80894362e-03 7.45615587e-02
    84. 4.42410283e-06 -2.58073967e-04 1.</data></H>
</opencv_storage>
