<?xml version="1.0"?>
<opencv_storage>
<H_invt type_id="opencv-matrix">
  <rows>3</rows>
  <cols>3</cols>
  <dt>f</dt>
  <data>
    8.07046127e+00 1.38350749e+00 -3.23141284e+03 -2.04388365e-01
    1.03556767e+01 -7.90982910e+02 -8.84518668e-05 2.66640983e-03
    8.10163975e-01</data></H_invt>
</opencv_storage>
