<?xml version="1.0"?>
<opencv_storage>
<Rot type_id="opencv-matrix">
  <rows>3</rows>
  <cols>3</cols>
  <dt>f</dt>
  <data>
    -4.96444762e-01 5.38794935e-01 6.80619299e-01 7.17412889e-01
    -1.86780587e-01 6.71142161e-01 4.88734454e-01 8.21470082e-01
    -2.93812156e-01</data></Rot>
</opencv_storage>
