<?xml version="1.0"?>
<opencv_storage>
<H type_id="opencv-matrix">
  <rows>3</rows>
  <cols>3</cols>
  <dt>f</dt>
  <data>
    6.71405420e-02 -1.69050917e-01 440. 1.29873622e-02 1.39697725e-02
    119. -1.33755530e-04 -1.76182017e-04 1.</data></H>
</opencv_storage>
