<?xml version="1.0"?>
<opencv_storage>
<H_invt type_id="opencv-matrix">
  <rows>3</rows>
  <cols>3</cols>
  <dt>f</dt>
  <data>
    4.95731354e+00 1.29881611e+01 -3.72680908e+03 -4.10149574e+00
    1.78783150e+01 -3.22861389e+02 -5.95417077e-05 4.88707609e-03
    4.44636315e-01</data></H_invt>
</opencv_storage>
