<?xml version="1.0"?>
<opencv_storage>
<Rot type_id="opencv-matrix">
  <rows>3</rows>
  <cols>3</cols>
  <dt>f</dt>
  <data>
    -8.42690647e-01 -5.24537325e-01 1.21379793e-01 1.22755229e-01
    3.23203206e-02 9.91910577e-01 -5.24217129e-01 8.50773752e-01
    3.71536687e-02</data></Rot>
</opencv_storage>
