<?xml version="1.0"?>
<opencv_storage>
<Rot type_id="opencv-matrix">
  <rows>3</rows>
  <cols>3</cols>
  <dt>f</dt>
  <data>
    -4.18106377e-01 8.20364177e-01 -3.90114963e-01 2.15646148e-01
    -3.27541322e-01 -9.19898570e-01 -8.82430613e-01 -4.68742251e-01
    -3.99612561e-02</data></Rot>
</opencv_storage>
