<?xml version="1.0"?>
<opencv_storage>
<H type_id="opencv-matrix">
  <rows>3</rows>
  <cols>3</cols>
  <dt>f</dt>
  <data>
    6.90947324e-02 -4.14315350e-02 102. 1.15387952e-02 1.99274477e-02
    59. 6.27449263e-05 -2.75729195e-04 1.</data></H>
</opencv_storage>
