<?xml version="1.0"?>
<opencv_storage>
<H_invt type_id="opencv-matrix">
  <rows>3</rows>
  <cols>3</cols>
  <dt>f</dt>
  <data>
    1.52494946e+01 5.60643148e+00 -1.88622791e+03 -3.30173683e+00
    2.64138927e+01 -1.22164246e+03 -1.86721375e-03 6.93130633e-03
    7.81508744e-01</data></H_invt>
</opencv_storage>
