<?xml version="1.0"?>
<opencv_storage>
<H type_id="opencv-matrix">
  <rows>3</rows>
  <cols>3</cols>
  <dt>f</dt>
  <data>
    9.13404748e-02 -5.02720661e-02 268. -2.18827697e-03 -1.61734316e-02
    366. -4.72630018e-06 -1.31968976e-04 1.</data></H>
</opencv_storage>
