<?xml version="1.0"?>
<opencv_storage>
<H_invt type_id="opencv-matrix">
  <rows>3</rows>
  <cols>3</cols>
  <dt>f</dt>
  <data>
    1.08231621e+01 5.02105570e+00 -4.73831396e+03 1.54445097e-01
    3.11979103e+01 -1.14598262e+04 7.15354763e-05 4.14088741e-03
    -5.34736216e-01</data></H_invt>
</opencv_storage>
