<?xml version="1.0"?>
<opencv_storage>
<Rot type_id="opencv-matrix">
  <rows>3</rows>
  <cols>3</cols>
  <dt>f</dt>
  <data>
    9.94509101e-01 -9.37968865e-02 4.64095026e-02 -5.10109495e-03
    3.99495900e-01 9.16720808e-01 -1.04525961e-01 -9.11923885e-01
    3.96823823e-01</data></Rot>
</opencv_storage>
