<?xml version="1.0"?>
<opencv_storage>
<H type_id="opencv-matrix">
  <rows>3</rows>
  <cols>3</cols>
  <dt>f</dt>
  <data>
    1.55278802e-01 -8.54625106e-02 268. -3.72007070e-03 -2.74948347e-02
    366. -8.03470994e-06 -2.24347270e-04 1.</data></H>
</opencv_storage>
