<?xml version="1.0"?>
<opencv_storage>
<H_invt type_id="opencv-matrix">
  <rows>3</rows>
  <cols>3</cols>
  <dt>f</dt>
  <data>
    6.36656618e+00 2.95356154e+00 -2.78724316e+03 9.08500552e-02
    1.83517113e+01 -6.74107373e+03 7.15354763e-05 4.14088741e-03
    -5.34736216e-01</data></H_invt>
</opencv_storage>
