<?xml version="1.0"?>
<opencv_storage>
<H type_id="opencv-matrix">
  <rows>3</rows>
  <cols>3</cols>
  <dt>f</dt>
  <data>
    2.92690247e-01 -1.98380098e-01 374. 3.32166478e-02 2.77567450e-02
    127. 3.27940274e-04 -4.89565777e-04 1.</data></H>
</opencv_storage>
