<?xml version="1.0"?>
<opencv_storage>
<H_invt type_id="opencv-matrix">
  <rows>3</rows>
  <cols>3</cols>
  <dt>f</dt>
  <data>
    5.93092585e+00 1.00786996e+00 -2.34616577e+03 5.56069136e-01
    1.12140579e+01 -1.63215515e+03 -1.67275709e-03 5.15949773e-03
    9.70354974e-01</data></H_invt>
</opencv_storage>
