<?xml version="1.0"?>
<opencv_storage>
<Rot type_id="opencv-matrix">
  <rows>3</rows>
  <cols>3</cols>
  <dt>f</dt>
  <data>
    -7.91514337e-01 -5.11096835e-01 -3.35089624e-01 1.60201535e-01
    3.55607450e-01 -9.20803368e-01 5.89780033e-01 -7.82510936e-01
    -1.99589908e-01</data></Rot>
</opencv_storage>
