<?xml version="1.0"?>
<opencv_storage>
<H type_id="opencv-matrix">
  <rows>3</rows>
  <cols>3</cols>
  <dt>f</dt>
  <data>
    3.01535106e+00 1.75842285e+00 202. 1.72987387e-01 1.78965425e+00
    115. 4.58373269e-03 3.20753432e-03 1.</data></H>
</opencv_storage>
