<?xml version="1.0"?>
<opencv_storage>
<Rot type_id="opencv-matrix">
  <rows>3</rows>
  <cols>3</cols>
  <dt>f</dt>
  <data>
    8.84827852e-01 4.57127988e-01 9.00757685e-02 -1.99554637e-01
    5.46525002e-01 -8.13319385e-01 -4.21019703e-01 7.01672614e-01
    5.74802518e-01</data></Rot>
</opencv_storage>
