<?xml version="1.0"?>
<opencv_storage>
<H type_id="opencv-matrix">
  <rows>3</rows>
  <cols>3</cols>
  <dt>f</dt>
  <data>
    1.50829563e-02 -1.52260410e-02 42. 1.88536942e-03 1.06052065e-03 7.
    1.34669244e-04 -3.28256283e-04 1.</data></H>
</opencv_storage>
