<?xml version="1.0"?>
<opencv_storage>
<H type_id="opencv-matrix">
  <rows>3</rows>
  <cols>3</cols>
  <dt>f</dt>
  <data>
    3.26533705e-01 -1.08521946e-01 144. 5.40818609e-02 -1.28326025e-02
    570. 3.48745234e-05 -3.15562851e-04 1.</data></H>
</opencv_storage>
