<?xml version="1.0"?>
<opencv_storage>
<H_invt type_id="opencv-matrix">
  <rows>3</rows>
  <cols>3</cols>
  <dt>f</dt>
  <data>
    2.99017620e+00 1.12922049e+00 -1.07424109e+03 -6.12279832e-01
    5.75543022e+00 -3.19242700e+03 -2.97493738e-04 1.77681900e-03
    3.00522987e-02</data></H_invt>
</opencv_storage>
