<?xml version="1.0"?>
<opencv_storage>
<Rot type_id="opencv-matrix">
  <rows>3</rows>
  <cols>3</cols>
  <dt>f</dt>
  <data>
    9.81711626e-01 4.28875312e-02 -1.85480356e-01 1.42603517e-01
    4.79796469e-01 8.65713358e-01 1.26121119e-01 -8.76330972e-01
    4.64905858e-01</data></Rot>
</opencv_storage>
