<?xml version="1.0"?>
<opencv_storage>
<H_invt type_id="opencv-matrix">
  <rows>3</rows>
  <cols>3</cols>
  <dt>f</dt>
  <data>
    2.87318134e+00 4.78863508e-01 -1.14975146e+03 -4.26582918e-02
    4.69241190e+00 -1.20010571e+03 8.78029678e-05 1.86208007e-03
    4.86375600e-01</data></H_invt>
</opencv_storage>
