<?xml version="1.0"?>
<opencv_storage>
<Rot type_id="opencv-matrix">
  <rows>3</rows>
  <cols>3</cols>
  <dt>f</dt>
  <data>
    -5.20342410e-01 -8.28952014e-01 2.05139920e-01 -1.87409326e-01
    -1.23515978e-01 -9.74485278e-01 8.33139598e-01 -5.45511127e-01
    -9.10827368e-02</data></Rot>
</opencv_storage>
