<?xml version="1.0"?>
<opencv_storage>
<H type_id="opencv-matrix">
  <rows>3</rows>
  <cols>3</cols>
  <dt>f</dt>
  <data>
    1.50920957e-01 -7.14583918e-02 262. -1.37317423e-02 -2.28015035e-02
    376. -3.85123203e-05 -1.90760766e-04 1.</data></H>
</opencv_storage>
