<?xml version="1.0"?>
<opencv_storage>
<H_invt type_id="opencv-matrix">
  <rows>3</rows>
  <cols>3</cols>
  <dt>f</dt>
  <data>
    6.19809246e+00 2.72111416e+00 -2.64703906e+03 -9.48744714e-02
    2.03979855e+01 -7.64478564e+03 2.20604590e-04 3.99593171e-03
    -5.60268819e-01</data></H_invt>
</opencv_storage>
