<?xml version="1.0"?>
<opencv_storage>
<H type_id="opencv-matrix">
  <rows>3</rows>
  <cols>3</cols>
  <dt>f</dt>
  <data>
    -5.27037144e-01 4.91865128e-01 820. -2.20529929e-01 1.74821690e-01
    244. -6.96551404e-04 4.91869927e-04 1.</data></H>
</opencv_storage>
