<?xml version="1.0"?>
<opencv_storage>
<H_invt type_id="opencv-matrix">
  <rows>3</rows>
  <cols>3</cols>
  <dt>f</dt>
  <data>
    7.94740772e+00 -1.28381119e+01 -3.38437500e+03 7.33342361e+00
    6.40007591e+00 -7.57502588e+03 1.92868733e-03 -1.20904092e-02
    2.36853623e+00</data></H_invt>
</opencv_storage>
