<?xml version="1.0"?>
<opencv_storage>
<Rot type_id="opencv-matrix">
  <rows>3</rows>
  <cols>3</cols>
  <dt>f</dt>
  <data>
    2.64342517e-01 4.26012188e-01 -8.65237892e-01 -8.54008436e-01
    5.20237327e-01 -4.76552127e-03 4.48098868e-01 7.40180194e-01
    5.01338840e-01</data></Rot>
</opencv_storage>
