<?xml version="1.0"?>
<opencv_storage>
<H type_id="opencv-matrix">
  <rows>3</rows>
  <cols>3</cols>
  <dt>f</dt>
  <data>
    9.99878570e-02 -4.83436674e-01 731. -1.03070952e-01 -4.79680747e-02
    234. -3.41656909e-04 -5.89023111e-04 1.</data></H>
</opencv_storage>
