<?xml version="1.0"?>
<opencv_storage>
<H_invt type_id="opencv-matrix">
  <rows>3</rows>
  <cols>3</cols>
  <dt>f</dt>
  <data>
    2.97497606e+00 1.74998581e+00 -2.58420410e+03 7.65507698e-01
    1.15783081e+01 -3.26891016e+03 1.46732281e-03 7.41778547e-03
    -1.80837488e+00</data></H_invt>
</opencv_storage>
