<?xml version="1.0"?>
<opencv_storage>
<Rot type_id="opencv-matrix">
  <rows>3</rows>
  <cols>3</cols>
  <dt>f</dt>
  <data>
    4.41521943e-01 8.08846831e-01 3.88362169e-01 -1.35502279e-01
    -3.67762804e-01 9.19994354e-01 8.86959732e-01 -4.58821654e-01
    -5.27747571e-02</data></Rot>
</opencv_storage>
