<?xml version="1.0"?>
<opencv_storage>
<H_invt type_id="opencv-matrix">
  <rows>3</rows>
  <cols>3</cols>
  <dt>f</dt>
  <data>
    6.05893898e+00 1.58744192e+01 -4.55498926e+03 -5.01293945e+00
    2.18512745e+01 -3.94608307e+02 -5.95417041e-05 4.88707609e-03
    4.44636315e-01</data></H_invt>
</opencv_storage>
