<?xml version="1.0"?>
<opencv_storage>
<H_invt type_id="opencv-matrix">
  <rows>3</rows>
  <cols>3</cols>
  <dt>f</dt>
  <data>
    5.36235332e+00 9.10588503e-01 -2.14848267e+03 2.43669465e-01
    1.09042101e+01 -1.80309326e+03 2.20181333e-04 2.30654236e-03
    5.55525064e-01</data></H_invt>
</opencv_storage>
