<?xml version="1.0"?>
<opencv_storage>
<H type_id="opencv-matrix">
  <rows>3</rows>
  <cols>3</cols>
  <dt>f</dt>
  <data>
    4.52794641e-01 5.46390489e-02 383. 2.96049081e-02 1.56554192e-01
    214. 7.64984434e-05 1.33872367e-04 1.</data></H>
</opencv_storage>
