<?xml version="1.0"?>
<opencv_storage>
<H_invt type_id="opencv-matrix">
  <rows>3</rows>
  <cols>3</cols>
  <dt>f</dt>
  <data>
    2.36324239e+00 -6.21905513e-02 -8.91813049e+02 -2.44522065e-01
    7.82470655e+00 -1.58083521e+03 -1.48049614e-04 -1.04275451e-03
    1.27985251e+00</data></H_invt>
</opencv_storage>
