<?xml version="1.0"?>
<opencv_storage>
<Rot type_id="opencv-matrix">
  <rows>3</rows>
  <cols>3</cols>
  <dt>f</dt>
  <data>
    9.74341452e-01 -2.24553019e-01 -1.53183881e-02 1.20460019e-01
    4.62766886e-01 8.78257453e-01 -1.90126523e-01 -8.57567906e-01
    4.77942616e-01</data></Rot>
</opencv_storage>
