<?xml version="1.0"?>
<opencv_storage>
<Rot type_id="opencv-matrix">
  <rows>3</rows>
  <cols>3</cols>
  <dt>f</dt>
  <data>
    -8.42653036e-01 -5.24711370e-01 1.20887816e-01 1.22165397e-01
    3.23521383e-02 9.91982341e-01 -5.24415374e-01 8.50665212e-01
    3.68399434e-02</data></Rot>
</opencv_storage>
