<?xml version="1.0"?>
<opencv_storage>
<H type_id="opencv-matrix">
  <rows>3</rows>
  <cols>3</cols>
  <dt>f</dt>
  <data>
    -1.54924095e-02 -4.75737602e-02 97. -1.22526638e-01 6.22101463e-02
    114. -8.04177020e-04 -5.62988644e-05 1.</data></H>
</opencv_storage>
