<?xml version="1.0"?>
<opencv_storage>
<H_invt type_id="opencv-matrix">
  <rows>3</rows>
  <cols>3</cols>
  <dt>f</dt>
  <data>
    2.29453583e+01 1.40801067e+01 -3.83083203e+03 1.03146324e+01
    2.09006996e+01 -3.38319897e+03 1.90328322e-02 1.24995839e-02
    -2.27113724e+00</data></H_invt>
</opencv_storage>
