<?xml version="1.0"?>
<opencv_storage>
<Rot type_id="opencv-matrix">
  <rows>3</rows>
  <cols>3</cols>
  <dt>f</dt>
  <data>
    8.78035128e-01 -3.76417100e-01 -2.95574903e-01 4.73076612e-01
    5.89087486e-01 6.55114114e-01 -7.24766850e-02 -7.15042770e-01
    6.95313573e-01</data></Rot>
</opencv_storage>
