<?xml version="1.0"?>
<opencv_storage>
<Rot type_id="opencv-matrix">
  <rows>3</rows>
  <cols>3</cols>
  <dt>f</dt>
  <data>
    -4.93315607e-01 1.65383831e-01 -8.53983521e-01 -6.58377945e-01
    5.70634067e-01 4.90831196e-01 5.68487644e-01 8.04378569e-01
    -1.72617644e-01</data></Rot>
</opencv_storage>
