<?xml version="1.0"?>
<opencv_storage>
<H type_id="opencv-matrix">
  <rows>3</rows>
  <cols>3</cols>
  <dt>f</dt>
  <data>
    1.63547039e-01 -8.97161141e-02 279. -4.53429902e-03 3.71685699e-02
    136. -2.75117709e-05 -2.20544156e-04 1.</data></H>
</opencv_storage>
