<?xml version="1.0"?>
<opencv_storage>
<H_invt type_id="opencv-matrix">
  <rows>3</rows>
  <cols>3</cols>
  <dt>f</dt>
  <data>
    5.85171175e+00 2.45562887e+00 -1.96659302e+03 6.90658614e-02
    1.49182272e+01 -2.04814819e+03 1.76223024e-04 3.35768657e-03
    4.94188398e-01</data></H_invt>
</opencv_storage>
