<?xml version="1.0"?>
<opencv_storage>
<Rot type_id="opencv-matrix">
  <rows>3</rows>
  <cols>3</cols>
  <dt>f</dt>
  <data>
    -5.23695707e-01 -5.24870634e-01 6.71009421e-01 7.59042680e-01
    7.01233596e-02 6.47253335e-01 -3.86777699e-01 8.48288596e-01
    3.61675888e-01</data></Rot>
</opencv_storage>
