<?xml version="1.0"?>
<opencv_storage>
<H type_id="opencv-matrix">
  <rows>3</rows>
  <cols>3</cols>
  <dt>f</dt>
  <data>
    2.14825004e-01 -8.20801631e-02 147. 2.07789019e-02 -2.17951145e-02
    295. 2.46158925e-05 -3.07000591e-04 1.</data></H>
</opencv_storage>
