<?xml version="1.0"?>
<opencv_storage>
<Rot type_id="opencv-matrix">
  <rows>3</rows>
  <cols>3</cols>
  <dt>f</dt>
  <data>
    9.95977879e-01 4.17654440e-02 -7.92696849e-02 5.08380234e-02
    4.65095997e-01 8.83799314e-01 7.37802833e-02 -8.84274483e-01
    4.61102068e-01</data></Rot>
</opencv_storage>
