<?xml version="1.0"?>
<opencv_storage>
<H type_id="opencv-matrix">
  <rows>3</rows>
  <cols>3</cols>
  <dt>f</dt>
  <data>
    7.55331069e-02 -1.90182284e-01 440. 1.46107823e-02 1.57159939e-02
    119. -1.50474967e-04 -1.98204769e-04 1.</data></H>
</opencv_storage>
