<?xml version="1.0"?>
<opencv_storage>
<H type_id="opencv-matrix">
  <rows>3</rows>
  <cols>3</cols>
  <dt>f</dt>
  <data>
    2.41973773e-01 -8.04465190e-02 180. -2.97607551e-03 -3.04675400e-02
    459. -1.95285629e-05 -2.63511291e-04 1.</data></H>
</opencv_storage>
