<?xml version="1.0"?>
<opencv_storage>
<H_invt type_id="opencv-matrix">
  <rows>3</rows>
  <cols>3</cols>
  <dt>f</dt>
  <data>
    4.03757286e+00 1.47316849e+00 -1.40294751e+03 -2.67175078e-01
    1.09541779e+01 -4.97987598e+03 8.44434453e-06 2.91531836e-03
    -3.39651078e-01</data></H_invt>
</opencv_storage>
