<?xml version="1.0"?>
<opencv_storage>
<Rot type_id="opencv-matrix">
  <rows>3</rows>
  <cols>3</cols>
  <dt>f</dt>
  <data>
    9.98368144e-01 -3.87629718e-02 4.19336408e-02 -2.88603306e-02
    2.91142881e-01 9.56244171e-01 -4.92755473e-02 -9.55893934e-01
    2.89549083e-01</data></Rot>
</opencv_storage>
