<?xml version="1.0"?>
<opencv_storage>
<H type_id="opencv-matrix">
  <rows>3</rows>
  <cols>3</cols>
  <dt>f</dt>
  <data>
    1.12940796e-01 1.42528806e-02 411. -3.25822793e-02 1.32285595e-01
    248. -1.07041618e-04 5.50074765e-05 1.</data></H>
</opencv_storage>
