<?xml version="1.0"?>
<opencv_storage>
<H_invt type_id="opencv-matrix">
  <rows>3</rows>
  <cols>3</cols>
  <dt>f</dt>
  <data>
    6.38937473e+00 4.49955940e-01 -2.73762207e+03 3.25057179e-01
    8.45148563e+00 -2.22956714e+03 6.66048436e-04 -4.16730909e-04
    8.29603374e-01</data></H_invt>
</opencv_storage>
