<?xml version="1.0"?>
<opencv_storage>
<Rot type_id="opencv-matrix">
  <rows>3</rows>
  <cols>3</cols>
  <dt>f</dt>
  <data>
    9.85212326e-01 -1.37284338e-01 1.02516979e-01 4.33168672e-02
    7.78467000e-01 6.26189113e-01 -1.65772036e-01 -6.12488508e-01
    7.72901952e-01</data></Rot>
</opencv_storage>
