<?xml version="1.0"?>
<opencv_storage>
<H type_id="opencv-matrix">
  <rows>3</rows>
  <cols>3</cols>
  <dt>f</dt>
  <data>
    1.72532007e-01 -9.49583501e-02 268. -4.13341168e-03 -3.05498149e-02
    366. -8.92745538e-06 -2.49274744e-04 1.</data></H>
</opencv_storage>
