<?xml version="1.0"?>
<opencv_storage>
<H_invt type_id="opencv-matrix">
  <rows>3</rows>
  <cols>3</cols>
  <dt>f</dt>
  <data>
    5.72990942e+00 2.65820575e+00 -2.50851904e+03 8.17650259e-02
    1.65165386e+01 -6.06696631e+03 7.15354690e-05 4.14088694e-03
    -5.34736156e-01</data></H_invt>
</opencv_storage>
