<?xml version="1.0"?>
<opencv_storage>
<H type_id="opencv-matrix">
  <rows>3</rows>
  <cols>3</cols>
  <dt>f</dt>
  <data>
    3.00975591e-01 -1.21359378e-01 494. -6.09332602e-03 6.87882770e-03
    392. 1.64716821e-05 -2.55946856e-04 1.</data></H>
</opencv_storage>
