<?xml version="1.0"?>
<opencv_storage>
<H_invt type_id="opencv-matrix">
  <rows>3</rows>
  <cols>3</cols>
  <dt>f</dt>
  <data>
    3.40793228e+00 -1.61428377e-01 -1.62023865e+03 3.98939639e-01
    9.30859184e+00 -3.84604395e+03 4.59729708e-05 2.38516368e-03
    4.23051827e-02</data></H_invt>
</opencv_storage>
