<?xml version="1.0"?>
<opencv_storage>
<H type_id="opencv-matrix">
  <rows>3</rows>
  <cols>3</cols>
  <dt>f</dt>
  <data>
    8.34832266e-02 -4.59475890e-02 268. -2.00003781e-03 -1.47821736e-02
    366. -4.31973604e-06 -1.20616824e-04 1.</data></H>
</opencv_storage>
