<?xml version="1.0"?>
<opencv_storage>
<H_invt type_id="opencv-matrix">
  <rows>3</rows>
  <cols>3</cols>
  <dt>f</dt>
  <data>
    1.18418131e+01 5.49362421e+00 -5.18427246e+03 1.68981090e-01
    3.41341820e+01 -1.25383975e+04 7.15354690e-05 4.14088741e-03
    -5.34736335e-01</data></H_invt>
</opencv_storage>
