<?xml version="1.0"?>
<opencv_storage>
<H type_id="opencv-matrix">
  <rows>3</rows>
  <cols>3</cols>
  <dt>f</dt>
  <data>
    2.23267436e-01 -7.96043947e-02 183. -1.04632135e-02 -3.43533084e-02
    458. -3.88994740e-05 -2.58816610e-04 1.</data></H>
</opencv_storage>
