<?xml version="1.0"?>
<opencv_storage>
<H_invt type_id="opencv-matrix">
  <rows>3</rows>
  <cols>3</cols>
  <dt>f</dt>
  <data>
    4.28812838e+00 1.64226222e+00 -1.53688354e+03 -3.74527872e-01
    1.17352066e+01 -5.30618604e+03 6.98719014e-05 3.10114957e-03
    -4.33113068e-01</data></H_invt>
</opencv_storage>
