<?xml version="1.0"?>
<opencv_storage>
<Rot type_id="opencv-matrix">
  <rows>3</rows>
  <cols>3</cols>
  <dt>f</dt>
  <data>
    9.99217033e-01 -3.51983234e-02 1.80677697e-02 -7.25472998e-03
    2.85921335e-01 9.58225608e-01 -3.88938971e-02 -9.57606435e-01
    2.85442084e-01</data></Rot>
</opencv_storage>
