<?xml version="1.0"?>
<opencv_storage>
<H type_id="opencv-matrix">
  <rows>3</rows>
  <cols>3</cols>
  <dt>f</dt>
  <data>
    1.01368338e-01 -3.82315107e-02 104. 1.57963391e-02 2.25661993e-02
    59. 6.79412260e-05 -2.91176751e-04 1.</data></H>
</opencv_storage>
