<?xml version="1.0"?>
<opencv_storage>
<H_invt type_id="opencv-matrix">
  <rows>3</rows>
  <cols>3</cols>
  <dt>f</dt>
  <data>
    1.03455400e+01 2.06910872e+00 -1.19801355e+03 -3.06829286e+00
    2.45463409e+01 -1.12913171e+03 -1.59630424e-03 7.00674625e-03
    7.52617598e-01</data></H_invt>
</opencv_storage>
