<?xml version="1.0"?>
<opencv_storage>
<H type_id="opencv-matrix">
  <rows>3</rows>
  <cols>3</cols>
  <dt>f</dt>
  <data>
    2.30147511e-01 -8.30079690e-02 148. 3.18380781e-02 -2.09599938e-02
    294. 5.65846822e-05 -3.12457472e-04 1.</data></H>
</opencv_storage>
