<?xml version="1.0"?>
<opencv_storage>
<H_invt type_id="opencv-matrix">
  <rows>3</rows>
  <cols>3</cols>
  <dt>f</dt>
  <data>
    4.35434628e+00 2.25780940e+00 -1.30823926e+03 -9.33613956e-01
    1.36197786e+01 -3.86604004e+03 -5.38103981e-04 4.12784424e-03
    -1.33946776e-01</data></H_invt>
</opencv_storage>
