<?xml version="1.0"?>
<opencv_storage>
<Rot type_id="opencv-matrix">
  <rows>3</rows>
  <cols>3</cols>
  <dt>f</dt>
  <data>
    9.96775806e-01 4.02991921e-02 -6.93826452e-02 4.26215753e-02
    4.66700166e-01 8.83387983e-01 6.79807141e-02 -8.83497000e-01
    4.63477820e-01</data></Rot>
</opencv_storage>
