<?xml version="1.0"?>
<opencv_storage>
<H type_id="opencv-matrix">
  <rows>3</rows>
  <cols>3</cols>
  <dt>f</dt>
  <data>
    2.68701434e-01 -5.64012229e-01 638. -4.00251783e-02 2.23750845e-02
    78. 2.54082988e-04 -8.66407296e-04 1.</data></H>
</opencv_storage>
