<?xml version="1.0"?>
<opencv_storage>
<Rot type_id="opencv-matrix">
  <rows>3</rows>
  <cols>3</cols>
  <dt>f</dt>
  <data>
    3.55176717e-01 6.97577715e-01 6.22281909e-01 -2.68371701e-01
    -5.61570466e-01 7.82697380e-01 8.95447433e-01 -4.44998771e-01
    -1.22466348e-02</data></Rot>
</opencv_storage>
