<?xml version="1.0"?>
<opencv_storage>
<H type_id="opencv-matrix">
  <rows>3</rows>
  <cols>3</cols>
  <dt>f</dt>
  <data>
    2.66606510e-01 -1.25691608e-01 312. -7.27511346e-02 -3.93976681e-02
    536. -1.06756670e-04 -2.80222041e-04 1.</data></H>
</opencv_storage>
