<?xml version="1.0"?>
<opencv_storage>
<H_invt type_id="opencv-matrix">
  <rows>3</rows>
  <cols>3</cols>
  <dt>f</dt>
  <data>
    3.39498782e+00 1.17236972e+00 -1.68762634e+03 4.75830555e-01
    9.18947697e+00 -5.07401855e+03 4.95775777e-04 2.70025223e-03
    -6.02017224e-01</data></H_invt>
</opencv_storage>
