<?xml version="1.0"?>
<opencv_storage>
<H type_id="opencv-matrix">
  <rows>3</rows>
  <cols>3</cols>
  <dt>f</dt>
  <data>
    3.47086817e-01 4.35795063e-16 -2.93098879e-13 -5.38676977e-04
    2.60180980e-01 1. -2.22134850e-06 1.02099234e-18 1.</data></H>
</opencv_storage>
