<?xml version="1.0"?>
<opencv_storage>
<H_invt type_id="opencv-matrix">
  <rows>3</rows>
  <cols>3</cols>
  <dt>f</dt>
  <data>
    2.88112354e+00 -4.82579234e-15 8.49279848e-13 5.94046107e-03
    3.84347844e+00 -3.84347844e+00 6.39997961e-06 -3.93488204e-18 1.</data></H_invt>
</opencv_storage>
