<?xml version="1.0"?>
<opencv_storage>
<H type_id="opencv-matrix">
  <rows>3</rows>
  <cols>3</cols>
  <dt>f</dt>
  <data>
    2.14513361e-01 -7.97688439e-02 149. 2.01794151e-02 -2.15559136e-02
    297. 2.79629403e-05 -3.02619184e-04 1.</data></H>
</opencv_storage>
