<?xml version="1.0"?>
<opencv_storage>
<H_invt type_id="opencv-matrix">
  <rows>3</rows>
  <cols>3</cols>
  <dt>f</dt>
  <data>
    4.62162638e+00 2.34582567e+00 -1.38533252e+03 -8.03242743e-01
    1.42288704e+01 -4.10629150e+03 -3.72310926e-04 4.24033310e-03
    -2.03904584e-01</data></H_invt>
</opencv_storage>
