<?xml version="1.0"?>
<opencv_storage>
<Rot type_id="opencv-matrix">
  <rows>3</rows>
  <cols>3</cols>
  <dt>f</dt>
  <data>
    9.96251881e-01 4.77107838e-02 -7.21520707e-02 4.19700220e-02
    4.62742984e-01 8.85498405e-01 7.56356865e-02 -8.85207653e-01
    4.59006131e-01</data></Rot>
</opencv_storage>
