<?xml version="1.0"?>
<opencv_storage>
<Distortion_Coefficients type_id="opencv-matrix">
 <rows>5</rows>
  <cols>1</cols>
  <dt>d</dt>
  <data>
    -2.7863673119210680e-001 1.3581808072412768e+001 0. 0.
    -1.1128648442592855e+002</data>
</Distortion_Coefficients>
</opencv_storage>


