<?xml version="1.0"?>
<opencv_storage>
<H type_id="opencv-matrix">
  <rows>3</rows>
  <cols>3</cols>
  <dt>f</dt>
  <data>
    -4.72994670e-02 2.16146693e-01 492. -8.74442682e-02 1.18745543e-01
    108. -4.54869878e-04 2.88364361e-04 1.</data></H>
</opencv_storage>
