<?xml version="1.0"?>
<opencv_storage>
<Rot type_id="opencv-matrix">
  <rows>3</rows>
  <cols>3</cols>
  <dt>f</dt>
  <data>
    -8.42580497e-01 -5.25043964e-01 1.19945548e-01 1.21039636e-01
    3.24059874e-02 9.92118597e-01 -5.24792790e-01 8.50457907e-01
    3.62464748e-02</data></Rot>
</opencv_storage>
