<?xml version="1.0"?>
<opencv_storage>
<H type_id="opencv-matrix">
  <rows>3</rows>
  <cols>3</cols>
  <dt>f</dt>
  <data>
    1.59403339e-01 -9.04170796e-02 261. -6.53593475e-03 4.80559282e-02
    190. -2.33043975e-05 -2.72407517e-04 1.</data></H>
</opencv_storage>
