<?xml version="1.0"?>
<opencv_storage>
<H_invt type_id="opencv-matrix">
  <rows>3</rows>
  <cols>3</cols>
  <dt>f</dt>
  <data>
    6.05775070e+00 1.17246819e+00 -1.80384192e+03 1.27942190e-01
    1.00434618e+01 -1.94165076e+03 1.76024652e-04 2.76323827e-03
    4.29042280e-01</data></H_invt>
</opencv_storage>
