<?xml version="1.0"?>
<opencv_storage>
<Rot type_id="opencv-matrix">
  <rows>3</rows>
  <cols>3</cols>
  <dt>f</dt>
  <data>
    9.85518992e-01 -1.09337375e-01 1.29605547e-01 -8.78140563e-04
    7.61040509e-01 6.48703754e-01 -1.69562638e-01 -6.39423668e-01
    7.49923885e-01</data></Rot>
</opencv_storage>
