<?xml version="1.0"?>
<opencv_storage>
<H_invt type_id="opencv-matrix">
  <rows>3</rows>
  <cols>3</cols>
  <dt>f</dt>
  <data>
    5.40907955e+00 -1.58190072e+00 -2.12898315e+03 1.38336092e-01
    5.87928152e+00 -2.85318085e+02 -2.93996651e-03 9.92319896e-04
    2.15198588e+00</data></H_invt>
</opencv_storage>
