<?xml version="1.0"?>
<opencv_storage>
<Rot type_id="opencv-matrix">
  <rows>3</rows>
  <cols>3</cols>
  <dt>f</dt>
  <data>
    -4.85453546e-01 4.86834556e-01 -7.26172805e-01 5.11791408e-01
    -5.15167356e-01 -6.87511563e-01 -7.08804905e-01 -7.05403924e-01
    9.32057854e-04</data></Rot>
</opencv_storage>
