<?xml version="1.0"?>
<opencv_storage>
<H type_id="opencv-matrix">
  <rows>3</rows>
  <cols>3</cols>
  <dt>f</dt>
  <data>
    1.46818489e-01 -4.35338765e-02 67. 2.67846752e-02 2.17731651e-02
    129. 1.32597401e-04 -2.81552842e-04 1.</data></H>
</opencv_storage>
