<?xml version="1.0"?>
<opencv_storage>
<H_invt type_id="opencv-matrix">
  <rows>3</rows>
  <cols>3</cols>
  <dt>f</dt>
  <data>
    7.04002333e+00 2.98959923e+00 -8.57339844e+02 -1.17301774e+00
    1.67155037e+01 -2.07770776e+03 -1.26375526e-03 4.30988474e-03
    5.28696477e-01</data></H_invt>
</opencv_storage>
