<?xml version="1.0"?>
<opencv_storage>
<Rot type_id="opencv-matrix">
  <rows>3</rows>
  <cols>3</cols>
  <dt>f</dt>
  <data>
    9.96787846e-01 4.06352729e-02 -6.90127239e-02 2.46505812e-02
    6.64213657e-01 7.47136235e-01 7.61992782e-02 -7.46437490e-01
    6.61078453e-01</data></Rot>
</opencv_storage>
