<?xml version="1.0"?>
<opencv_storage>
<H type_id="opencv-matrix">
  <rows>3</rows>
  <cols>3</cols>
  <dt>f</dt>
  <data>
    5.83830595e-01 1.66589916e-01 520. -5.66917984e-03 6.62426770e-01
    411. -4.06253530e-05 2.98277067e-04 1.</data></H>
</opencv_storage>
