<?xml version="1.0"?>
<opencv_storage>
<H_invt type_id="opencv-matrix">
  <rows>3</rows>
  <cols>3</cols>
  <dt>f</dt>
  <data>
    1.65365481e+00 -3.51841189e-02 -8.45439819e+02 -3.37811448e-02
    1.85313702e+00 -7.44073120e+02 7.72564526e-05 -5.54177619e-04
    1.18759370e+00</data></H_invt>
</opencv_storage>
