<?xml version="1.0"?>
<opencv_storage>
<Rot type_id="opencv-matrix">
  <rows>3</rows>
  <cols>3</cols>
  <dt>f</dt>
  <data>
    -5.63675880e-01 7.71636784e-01 -2.94696718e-01 8.26085731e-02
    4.07652348e-01 9.09392893e-01 8.21854830e-01 4.88258362e-01
    -2.93527603e-01</data></Rot>
</opencv_storage>
