<?xml version="1.0"?>
<opencv_storage>
<H type_id="opencv-matrix">
  <rows>3</rows>
  <cols>3</cols>
  <dt>f</dt>
  <data>
    6.41045690e-01 -3.90468128e-02 411. 1.55488392e-02 6.76985979e-02
    17. 1.17380638e-03 -8.73530516e-05 1.</data></H>
</opencv_storage>
