<?xml version="1.0"?>
<opencv_storage>
<H_invt type_id="opencv-matrix">
  <rows>3</rows>
  <cols>3</cols>
  <dt>f</dt>
  <data>
    6.31269264e+00 2.86940545e-01 -2.59939478e+03 4.02015775e-01
    1.44725657e+01 -4.11262115e+02 -7.37476163e-03 9.27410205e-04
    4.01526117e+00</data></H_invt>
</opencv_storage>
