<?xml version="1.0"?>
<opencv_storage>
<Rot type_id="opencv-matrix">
  <rows>3</rows>
  <cols>3</cols>
  <dt>f</dt>
  <data>
    3.83832932e-01 -3.83821756e-01 8.39853048e-01 -5.93874156e-01
    5.93857408e-01 5.42813838e-01 -7.07096696e-01 -7.07116842e-01
    1.84105275e-07</data></Rot>
</opencv_storage>
