<?xml version="1.0"?>
<opencv_storage>
<H type_id="opencv-matrix">
  <rows>3</rows>
  <cols>3</cols>
  <dt>f</dt>
  <data>
    1.89891055e-01 -8.42102990e-02 391. 5.69967134e-03 4.94877473e-02
    84. 5.43802053e-05 -1.85726720e-04 1.</data></H>
</opencv_storage>
