<?xml version="1.0"?>
<opencv_storage>
<H_invt type_id="opencv-matrix">
  <rows>3</rows>
  <cols>3</cols>
  <dt>f</dt>
  <data>
    5.92312002e+00 1.05480194e+00 -2.40454346e+03 -1.02988504e-01
    1.53452883e+01 -1.24873572e+03 -3.41228209e-04 2.79266969e-03
    8.98835957e-01</data></H_invt>
</opencv_storage>
