<?xml version="1.0"?>
<opencv_storage>
<Rot type_id="opencv-matrix">
  <rows>3</rows>
  <cols>3</cols>
  <dt>f</dt>
  <data>
    7.82241106e-01 -2.76788659e-02 -6.22360587e-01 5.02414346e-01
    6.18713498e-01 6.03964746e-01 3.68345827e-01 -7.85129011e-01
    4.97889370e-01</data></Rot>
</opencv_storage>
