<?xml version="1.0"?>
<opencv_storage>
<H type_id="opencv-matrix">
  <rows>3</rows>
  <cols>3</cols>
  <dt>f</dt>
  <data>
    5.97107708e-02 -1.56785622e-01 438. 1.08621567e-02 1.07765011e-02
    121. -1.27709573e-04 -1.69192776e-04 1.</data></H>
</opencv_storage>
