<?xml version="1.0"?>
<opencv_storage>
<H type_id="opencv-matrix">
  <rows>3</rows>
  <cols>3</cols>
  <dt>f</dt>
  <data>
    6.50017202e-01 6.99983090e-02 391. 2.50877768e-01 1.69932440e-01
    299. 1.12304010e-03 8.65979928e-06 1.</data></H>
</opencv_storage>
