<?xml version="1.0"?>
<opencv_storage>
<H_invt type_id="opencv-matrix">
  <rows>3</rows>
  <cols>3</cols>
  <dt>f</dt>
  <data>
    4.08650064e+00 -1.62666547e+00 -1.11144885e+03 2.07352233e+00
    5.15036201e+00 -2.35070557e+03 -4.60726069e-03 1.78220938e-03
    2.26855826e+00</data></H_invt>
</opencv_storage>
