<?xml version="1.0"?>
<opencv_storage>
<H type_id="opencv-matrix">
  <rows>3</rows>
  <cols>3</cols>
  <dt>f</dt>
  <data>
    1.33354038e-01 -7.01381192e-02 273. -2.65840604e-03 4.14909497e-02
    114. -1.39916110e-05 -2.12568193e-04 1.</data></H>
</opencv_storage>
