<?xml version="1.0"?>
<opencv_storage>
<H_invt type_id="opencv-matrix">
  <rows>3</rows>
  <cols>3</cols>
  <dt>f</dt>
  <data>
    7.30044937e+00 1.34481978e+00 -2.14633228e+03 1.18115999e-01
    1.52369642e+01 -1.76925964e+03 1.27252759e-04 3.25771025e-03
    5.93881011e-01</data></H_invt>
</opencv_storage>
