<?xml version="1.0"?>
<opencv_storage>
<Rot type_id="opencv-matrix">
  <rows>3</rows>
  <cols>3</cols>
  <dt>f</dt>
  <data>
    9.96047974e-01 -7.75372833e-02 4.33178768e-02 2.43921354e-02
    7.07774401e-01 7.06017256e-01 -8.54019448e-02 -7.02170432e-01
    7.06868529e-01</data></Rot>
</opencv_storage>
