<?xml version="1.0"?>
<opencv_storage>
<H type_id="opencv-matrix">
  <rows>3</rows>
  <cols>3</cols>
  <dt>f</dt>
  <data>
    3.63736182e-01 -1.30289182e-01 368. 1.41580505e-02 8.27166811e-02
    157. 1.23416525e-04 -2.96683749e-04 1.</data></H>
</opencv_storage>
