<?xml version="1.0"?>
<opencv_storage>
<H type_id="opencv-matrix">
  <rows>3</rows>
  <cols>3</cols>
  <dt>f</dt>
  <data>
    2.31025741e-01 -9.27377790e-02 364. 1.58046074e-02 6.67132884e-02
    134. 2.68612755e-04 -2.95580976e-04 1.</data></H>
</opencv_storage>
