<?xml version="1.0"?>
<opencv_storage>
<H_invt type_id="opencv-matrix">
  <rows>3</rows>
  <cols>3</cols>
  <dt>f</dt>
  <data>
    7.34908867e+00 -1.02671146e+00 -2.53748901e+03 1.39553094e+00
    9.21050358e+00 -1.74218066e+03 -1.56156661e-03 2.99823727e-03
    1.16664648e+00</data></H_invt>
</opencv_storage>
