<?xml version="1.0"?>
<opencv_storage>
<Rot type_id="opencv-matrix">
  <rows>3</rows>
  <cols>3</cols>
  <dt>f</dt>
  <data>
    2.11864680e-01 7.00095117e-01 -6.81894541e-01 -4.76999313e-01
    -5.34905434e-01 -6.97386444e-01 -8.52985919e-01 4.73014772e-01
    2.20617309e-01</data></Rot>
</opencv_storage>
