<?xml version="1.0"?>
<opencv_storage>
<H type_id="opencv-matrix">
  <rows>3</rows>
  <cols>3</cols>
  <dt>f</dt>
  <data>
    2.52262264e-01 -8.67169127e-02 190. 1.87872555e-02 -3.84608507e-02
    501. 1.09553093e-05 -2.48945638e-04 1.</data></H>
</opencv_storage>
