<?xml version="1.0"?>
<opencv_storage>
<H_invt type_id="opencv-matrix">
  <rows>3</rows>
  <cols>3</cols>
  <dt>f</dt>
  <data>
    3.90232301e+00 1.78318083e+00 -1.63481494e+03 -6.01612091e-01
    1.13178272e+01 -5.55592529e+03 -1.92519859e-04 2.79798848e-03
    -3.65213424e-01</data></H_invt>
</opencv_storage>
