<?xml version="1.0"?>
<opencv_storage>
<Rot type_id="opencv-matrix">
  <rows>3</rows>
  <cols>3</cols>
  <dt>f</dt>
  <data>
    9.96394396e-01 4.00136560e-02 -7.48137906e-02 5.53904660e-02
    3.61143827e-01 9.30863619e-01 6.42657951e-02 -9.31651235e-01
    3.57625306e-01</data></Rot>
</opencv_storage>
