<?xml version="1.0"?>
<opencv_storage>
<H type_id="opencv-matrix">
  <rows>3</rows>
  <cols>3</cols>
  <dt>f</dt>
  <data>
    5.22185206e-01 2.52271980e-01 552. 5.38644977e-02 2.12961569e-01
    129. 6.11421245e-04 3.71597533e-04 1.</data></H>
</opencv_storage>
