<?xml version="1.0"?>
<opencv_storage>
<H_invt type_id="opencv-matrix">
  <rows>3</rows>
  <cols>3</cols>
  <dt>f</dt>
  <data>
    5.21305609e+00 -1.48944461e+00 -2.68546851e+03 7.90014327e-01
    5.83395147e+00 -1.18866760e+03 -3.48094059e-03 -1.25720399e-03
    3.08365846e+00</data></H_invt>
</opencv_storage>
