<?xml version="1.0"?>
<opencv_storage>
<H type_id="opencv-matrix">
  <rows>3</rows>
  <cols>3</cols>
  <dt>f</dt>
  <data>
    5.34754898e-03 -1.40413279e-02 438. 9.72788141e-04 9.65116895e-04
    121. -1.14373479e-05 -1.51524800e-05 1.</data></H>
</opencv_storage>
