<?xml version="1.0"?>
<opencv_storage>
<Rot type_id="opencv-matrix">
  <rows>3</rows>
  <cols>3</cols>
  <dt>f</dt>
  <data>
    -3.39329064e-01 -8.56067181e-01 3.89877945e-01 3.17536503e-01
    2.85897166e-01 9.04120207e-01 -8.85452628e-01 4.30594742e-01
    1.74819365e-01</data></Rot>
</opencv_storage>
