<?xml version="1.0"?>
<opencv_storage>
<H type_id="opencv-matrix">
  <rows>3</rows>
  <cols>3</cols>
  <dt>f</dt>
  <data>
    1.15471393e-01 -2.14693144e-01 490. 1.02223694e-01 4.24634926e-02
    279. -6.23896049e-05 -2.41835631e-04 1.</data></H>
</opencv_storage>
