<?xml version="1.0"?>
<opencv_storage>
<H_invt type_id="opencv-matrix">
  <rows>3</rows>
  <cols>3</cols>
  <dt>f</dt>
  <data>
    3.98853064e+00 3.48996449e+00 -2.92808008e+03 -4.34026241e+00
    5.29850197e+00 6.48446472e+02 -8.00787238e-04 1.49910408e-03
    9.74135697e-01</data></H_invt>
</opencv_storage>
