<?xml version="1.0"?>
<opencv_storage>
<H type_id="opencv-matrix">
  <rows>3</rows>
  <cols>3</cols>
  <dt>f</dt>
  <data>
    7.16529340e-02 -1.88142732e-01 438. 1.30345905e-02 1.29318032e-02
    121. -1.53251473e-04 -2.03031304e-04 1.</data></H>
</opencv_storage>
