<?xml version="1.0"?>
<opencv_storage>
<H_invt type_id="opencv-matrix">
  <rows>3</rows>
  <cols>3</cols>
  <dt>f</dt>
  <data>
    4.49787426e+00 1.19006252e+01 -3.41004443e+03 -3.78771448e+00
    1.66460075e+01 -3.55148010e+02 -7.97187604e-05 5.20344917e-03
    4.05299485e-01</data></H_invt>
</opencv_storage>
