<?xml version="1.0"?>
<opencv_storage>
<H type_id="opencv-matrix">
  <rows>3</rows>
  <cols>3</cols>
  <dt>f</dt>
  <data>
    7.76394010e-02 -4.27312553e-02 268. -1.86003535e-03 -1.37474174e-02
    366. -4.01735497e-06 -1.12173635e-04 1.</data></H>
</opencv_storage>
