<?xml version="1.0"?>
<opencv_storage>
<H_invt type_id="opencv-matrix">
  <rows>3</rows>
  <cols>3</cols>
  <dt>f</dt>
  <data>
    1.27331324e+01 5.90712309e+00 -5.57448633e+03 1.81700110e-01
    3.67034225e+01 -1.34821475e+04 7.15354763e-05 4.14088741e-03
    -5.34736216e-01</data></H_invt>
</opencv_storage>
