<?xml version="1.0"?>
<opencv_storage>
<H type_id="opencv-matrix">
  <rows>3</rows>
  <cols>3</cols>
  <dt>f</dt>
  <data>
    1.99954838e-01 -9.42687094e-02 312. -5.45633845e-02 -2.95482520e-02
    536. -8.00675625e-05 -2.10166530e-04 1.</data></H>
</opencv_storage>
