<?xml version="1.0"?>
<opencv_storage>
<H_invt type_id="opencv-matrix">
  <rows>3</rows>
  <cols>3</cols>
  <dt>f</dt>
  <data>
    4.52665091e+00 1.56316006e+00 -2.25016895e+03 6.34440899e-01
    1.22526360e+01 -6.76535840e+03 4.95776127e-04 2.70025246e-03
    -6.02017462e-01</data></H_invt>
</opencv_storage>
