<?xml version="1.0"?>
<opencv_storage>
<Rot type_id="opencv-matrix">
  <rows>3</rows>
  <cols>3</cols>
  <dt>f</dt>
  <data>
    9.96812999e-01 -6.13926277e-02 5.09391427e-02 -2.79490333e-02
    3.29305083e-01 9.43809867e-01 -7.47174844e-02 -9.42225635e-01
    3.26539725e-01</data></Rot>
</opencv_storage>
