<?xml version="1.0"?>
<opencv_storage>
<H type_id="opencv-matrix">
  <rows>3</rows>
  <cols>3</cols>
  <dt>f</dt>
  <data>
    5.55860460e-01 3.83471221e-01 269. 2.84486562e-02 1.61912233e-01 41.
    9.43588675e-04 6.88711356e-04 1.</data></H>
</opencv_storage>
