<?xml version="1.0"?>
<opencv_storage>
<H_invt type_id="opencv-matrix">
  <rows>3</rows>
  <cols>3</cols>
  <dt>f</dt>
  <data>
    3.15242314e+00 -4.67428255e+00 -6.56356201e+02 2.41451308e-01
    7.12281275e+00 -3.56985718e+02 -3.14088096e-03 -4.94961685e-04
    1.86519039e+00</data></H_invt>
</opencv_storage>
