<?xml version="1.0"?>
<opencv_storage>
<Rot type_id="opencv-matrix">
  <rows>3</rows>
  <cols>3</cols>
  <dt>f</dt>
  <data>
    -6.30447507e-01 -6.10247076e-01 -4.79723245e-01 2.49118894e-01
    4.26257044e-01 -8.69623303e-01 7.35170543e-01 -6.67760015e-01
    -1.16708621e-01</data></Rot>
</opencv_storage>
