<?xml version="1.0"?>
<opencv_storage>
<H type_id="opencv-matrix">
  <rows>3</rows>
  <cols>3</cols>
  <dt>f</dt>
  <data>
    5.22329092e-01 -1.28082829e-02 352. 3.91921289e-02 1.51733577e-01
    41. 6.76347234e-04 -3.63871659e-05 1.</data></H>
</opencv_storage>
