<?xml version="1.0"?>
<opencv_storage>
<H_invt type_id="opencv-matrix">
  <rows>3</rows>
  <cols>3</cols>
  <dt>f</dt>
  <data>
    3.51796961e+00 1.06913198e-08 -1.23832532e+03 -2.63158560e-01
    6.52633095e+00 -1.74947754e+02 -2.38894462e-03 2.37474684e-04
    1.83117211e+00</data></H_invt>
</opencv_storage>
