<?xml version="1.0"?>
<opencv_storage>
<Rot type_id="opencv-matrix">
  <rows>3</rows>
  <cols>3</cols>
  <dt>f</dt>
  <data>
    -7.18476474e-01 -4.29245740e-01 -5.47302186e-01 4.42090273e-01
    3.25653642e-01 -8.35766673e-01 5.36980212e-01 -8.42435658e-01
    -4.42091078e-02</data></Rot>
</opencv_storage>
