<?xml version="1.0"?>
<opencv_storage>
<H_invt type_id="opencv-matrix">
  <rows>3</rows>
  <cols>3</cols>
  <dt>f</dt>
  <data>
    6.51709270e+00 -2.36334157e+00 -2.12901245e+03 9.45830524e-01
    1.04041338e+01 -7.92605896e+02 -3.57476086e-03 7.67502282e-03
    1.88076699e+00</data></H_invt>
</opencv_storage>
