<?xml version="1.0"?>
<opencv_storage>
<H type_id="opencv-matrix">
  <rows>3</rows>
  <cols>3</cols>
  <dt>f</dt>
  <data>
    4.67783734e-02 -2.78860983e-02 100. 9.01516341e-03 1.17129823e-02
    58. 5.33587263e-05 -1.92255640e-04 1.</data></H>
</opencv_storage>
