<?xml version="1.0"?>
<opencv_storage>
<H_invt type_id="opencv-matrix">
  <rows>3</rows>
  <cols>3</cols>
  <dt>f</dt>
  <data>
    2.28911209e+01 8.67087936e+00 -2.79202319e+03 -5.92742920e+00
    4.14920044e+01 -1.81379333e+03 -2.36102287e-03 7.51440506e-03
    8.00266802e-01</data></H_invt>
</opencv_storage>
