<?xml version="1.0"?>
<opencv_storage>
<Rot type_id="opencv-matrix">
  <rows>3</rows>
  <cols>3</cols>
  <dt>f</dt>
  <data>
    -3.95166308e-01 4.29660946e-01 -8.11932921e-01 -7.79534578e-01
    3.10747147e-01 5.43840110e-01 4.85972703e-01 8.47837031e-01
    2.12138757e-01</data></Rot>
</opencv_storage>
