<?xml version="1.0"?>
<opencv_storage>
<H type_id="opencv-matrix">
  <rows>3</rows>
  <cols>3</cols>
  <dt>f</dt>
  <data>
    2.93502182e-01 2.61335135e-01 414. 7.49915540e-02 1.03656828e-01 23.
    4.23246587e-04 6.92584377e-04 1.</data></H>
</opencv_storage>
