<?xml version="1.0"?>
<opencv_storage>
<H_invt type_id="opencv-matrix">
  <rows>3</rows>
  <cols>3</cols>
  <dt>f</dt>
  <data>
    7.29031610e+00 2.11035681e+00 -3.06672900e+03 -5.42297363e+00
    9.82913876e+00 2.01904077e+03 6.70265348e-04 -7.70070963e-03
    8.99626493e-01</data></H_invt>
</opencv_storage>
