<?xml version="1.0"?>
<opencv_storage>
<Rot type_id="opencv-matrix">
  <rows>3</rows>
  <cols>3</cols>
  <dt>f</dt>
  <data>
    -5.14135778e-01 -3.03501576e-01 -8.02216470e-01 7.10899115e-01
    3.72506708e-01 -5.96541047e-01 4.79882151e-01 -8.76998007e-01
    2.42399815e-02</data></Rot>
</opencv_storage>
