<?xml version="1.0"?>
<opencv_storage>
<H type_id="opencv-matrix">
  <rows>3</rows>
  <cols>3</cols>
  <dt>f</dt>
  <data>
    3.34526300e-01 -1.75806180e-01 357. -6.26731338e-03 1.10971168e-01
    259. -3.63960753e-05 -3.93113674e-04 1.</data></H>
</opencv_storage>
