<?xml version="1.0"?>
<opencv_storage>
<H type_id="opencv-matrix">
  <rows>3</rows>
  <cols>3</cols>
  <dt>f</dt>
  <data>
    2.09312320e-01 -7.87345469e-02 146. 1.04111517e-02 -1.90654416e-02
    297. 4.50922653e-06 -2.94362399e-04 1.</data></H>
</opencv_storage>
