<?xml version="1.0"?>
<opencv_storage>
<H_invt type_id="opencv-matrix">
  <rows>3</rows>
  <cols>3</cols>
  <dt>f</dt>
  <data>
    4.68605137e+00 2.45116520e+00 -1.41215955e+03 -6.21874273e-01
    1.43031092e+01 -4.15722949e+03 -2.04186872e-04 4.19924455e-03
    -2.17364356e-01</data></H_invt>
</opencv_storage>
