<?xml version="1.0"?>
<opencv_storage>
<H type_id="opencv-matrix">
  <rows>3</rows>
  <cols>3</cols>
  <dt>f</dt>
  <data>
    1.29223466e-01 1.30516618e-01 299. 7.49835372e-02 1.54786482e-01
    378. 2.35058251e-04 3.52588861e-04 1.</data></H>
</opencv_storage>
