<?xml version="1.0"?>
<opencv_storage>
<H_invt type_id="opencv-matrix">
  <rows>3</rows>
  <cols>3</cols>
  <dt>f</dt>
  <data>
    1.33118658e+01 -1.55305147e+01 1.89028662e+03 8.58361053e+00
    3.64803429e+01 -1.63560693e+04 -6.15554908e-03 -9.21198726e-03
    6.32264042e+00</data></H_invt>
</opencv_storage>
