<?xml version="1.0"?>
<opencv_storage>
<H type_id="opencv-matrix">
  <rows>3</rows>
  <cols>3</cols>
  <dt>f</dt>
  <data>
    1.52911425e-01 -6.91848323e-02 370. -1.93090946e-03 1.81901101e-02
    12. 1.30115266e-04 -3.20083374e-04 1.</data></H>
</opencv_storage>
