<?xml version="1.0"?>
<opencv_storage>
<H_invt type_id="opencv-matrix">
  <rows>3</rows>
  <cols>3</cols>
  <dt>f</dt>
  <data>
    8.88296032e+00 -1.98560314e+01 -3.04842310e+03 1.40809512e+00
    4.22428513e+01 -1.02790942e+03 -7.05100945e-04 1.61048081e-02
    1.06762969e+00</data></H_invt>
</opencv_storage>
