<?xml version="1.0"?>
<opencv_storage>
<Rot type_id="opencv-matrix">
  <rows>3</rows>
  <cols>3</cols>
  <dt>f</dt>
  <data>
    -1.88442066e-01 5.37185967e-01 -8.22144032e-01 4.32516247e-01
    -7.06189930e-01 -5.60558200e-01 -8.81713808e-01 -4.61223394e-01
    -9.92657542e-02</data></Rot>
</opencv_storage>
