<?xml version="1.0"?>
<opencv_storage>
<H type_id="opencv-matrix">
  <rows>3</rows>
  <cols>3</cols>
  <dt>f</dt>
  <data>
    1.67740956e-01 -5.23355789e-02 454. -2.01855917e-02 6.18768856e-02
    98. -9.22347590e-06 -3.15135694e-05 1.</data></H>
</opencv_storage>
