<?xml version="1.0"?>
<opencv_storage>
<H_invt type_id="opencv-matrix">
  <rows>3</rows>
  <cols>3</cols>
  <dt>f</dt>
  <data>
    6.22503853e+00 3.64392519e+00 -3.18327222e+03 1.84759295e+00
    1.64743710e+01 -2.45329541e+03 1.15640745e-04 5.52775862e-04
    8.93327057e-01</data></H_invt>
</opencv_storage>
