<?xml version="1.0"?>
<opencv_storage>
<Rot type_id="opencv-matrix">
  <rows>3</rows>
  <cols>3</cols>
  <dt>f</dt>
  <data>
    -3.31235796e-01 -7.67461956e-01 5.48894346e-01 3.21693599e-01
    4.55023557e-01 8.30341339e-01 -8.87015283e-01 4.51614588e-01
    9.61674973e-02</data></Rot>
</opencv_storage>
