<?xml version="1.0"?>
<opencv_storage>
<Rot type_id="opencv-matrix">
  <rows>3</rows>
  <cols>3</cols>
  <dt>f</dt>
  <data>
    3.25353235e-01 -9.27071154e-01 -1.86237276e-01 4.51417923e-01
    -2.07821298e-02 8.92070591e-01 -8.30883324e-01 -3.74308914e-01
    4.11734998e-01</data></Rot>
</opencv_storage>
