<?xml version="1.0"?>
<opencv_storage>
<H_invt type_id="opencv-matrix">
  <rows>3</rows>
  <cols>3</cols>
  <dt>f</dt>
  <data>
    1.01720543e+02 4.35945015e+01 -4.57742432e+03 -2.85531330e+01
    2.85531342e+02 -7.99487915e+02 -2.30713747e-02 8.78566206e-02
    1.35400140e+00</data></H_invt>
</opencv_storage>
