<?xml version="1.0"?>
<opencv_storage>
<Rot type_id="opencv-matrix">
  <rows>3</rows>
  <cols>3</cols>
  <dt>f</dt>
  <data>
    4.60520267e-01 -2.44383335e-01 8.53345096e-01 7.56393969e-01
    -3.95062685e-01 -5.21338284e-01 4.64531213e-01 8.85551929e-01
    2.91569624e-03</data></Rot>
</opencv_storage>
