<?xml version="1.0"?>
<opencv_storage>
<H type_id="opencv-matrix">
  <rows>3</rows>
  <cols>3</cols>
  <dt>f</dt>
  <data>
    3.44380111e-01 7.33154491e-02 467. 9.15304944e-02 1.03600584e-01
    300. 2.98719155e-04 1.45675222e-04 1.</data></H>
</opencv_storage>
