<?xml version="1.0"?>
<opencv_storage>
<H_invt type_id="opencv-matrix">
  <rows>3</rows>
  <cols>3</cols>
  <dt>f</dt>
  <data>
    4.88497543e+00 -4.31027353e-01 -2.15197534e+03 -1.56157032e-01
    1.67088223e+01 -4.93972119e+03 -1.43648754e-03 -2.30530510e-03
    2.36243129e+00</data></H_invt>
</opencv_storage>
