<?xml version="1.0"?>
<opencv_storage>
<H type_id="opencv-matrix">
  <rows>3</rows>
  <cols>3</cols>
  <dt>f</dt>
  <data>
    5.11253439e-02 2.75582243e-02 23. 1.02838343e-02 5.61938025e-02 45.
    1.46911916e-04 4.17999341e-04 1.</data></H>
</opencv_storage>
