<?xml version="1.0"?>
<opencv_storage>
<Rot type_id="opencv-matrix">
  <rows>3</rows>
  <cols>3</cols>
  <dt>f</dt>
  <data>
    2.89720535e-01 -4.55076039e-01 -8.42002273e-01 3.83728564e-01
    -7.50705004e-01 5.37768006e-01 -8.76820624e-01 -4.78902757e-01
    -4.28689905e-02</data></Rot>
</opencv_storage>
