<?xml version="1.0"?>
<opencv_storage>
<Rot type_id="opencv-matrix">
  <rows>3</rows>
  <cols>3</cols>
  <dt>f</dt>
  <data>
    -5.41269541e-01 4.43304032e-01 7.14498997e-01 6.67186737e-01
    -2.90732980e-01 6.85810626e-01 5.11751056e-01 8.47912669e-01
    -1.38401657e-01</data></Rot>
</opencv_storage>
