<?xml version="1.0"?>
<opencv_storage>
<H type_id="opencv-matrix">
  <rows>3</rows>
  <cols>3</cols>
  <dt>f</dt>
  <data>
    1.75608709e-01 -8.53727534e-02 259. 2.55351296e-15 5.54333851e-02
    190. 9.97465999e-18 -2.56752595e-04 1.</data></H>
</opencv_storage>
