<?xml version="1.0"?>
<opencv_storage>
<H type_id="opencv-matrix">
  <rows>3</rows>
  <cols>3</cols>
  <dt>f</dt>
  <data>
    3.39111954e-01 3.80521715e-01 588. -3.38032357e-02 2.17704117e-01
    103. 1.52608467e-04 5.06373995e-04 1.</data></H>
</opencv_storage>
