<?xml version="1.0"?>
<opencv_storage>
<H type_id="opencv-matrix">
  <rows>3</rows>
  <cols>3</cols>
  <dt>f</dt>
  <data>
    1.00710809e-01 -2.53576368e-01 440. 1.94810443e-02 2.09546573e-02
    119. -2.00633280e-04 -2.64273025e-04 1.</data></H>
</opencv_storage>
