<?xml version="1.0"?>
<opencv_storage>
<H type_id="opencv-matrix">
  <rows>3</rows>
  <cols>3</cols>
  <dt>f</dt>
  <data>
    2.13467166e-01 -8.25856552e-02 149. 2.27207784e-02 -2.10523084e-02
    292. 3.39336439e-05 -3.12189048e-04 1.</data></H>
</opencv_storage>
