<?xml version="1.0"?>
<opencv_storage>
<H_invt type_id="opencv-matrix">
  <rows>3</rows>
  <cols>3</cols>
  <dt>f</dt>
  <data>
    4.65110207e+00 2.39295816e+00 -1.39175793e+03 -8.49996805e-01
    1.38266153e+01 -3.91072217e+03 -4.23188525e-04 4.23531607e-03
    -1.73657209e-01</data></H_invt>
</opencv_storage>
