<?xml version="1.0"?>
<opencv_storage>
<H type_id="opencv-matrix">
  <rows>3</rows>
  <cols>3</cols>
  <dt>f</dt>
  <data>
    5.49331680e-02 -1.38314381e-01 440. 1.06260236e-02 1.14298137e-02
    119. -1.09436340e-04 -1.44148915e-04 1.</data></H>
</opencv_storage>
