<?xml version="1.0"?>
<opencv_storage>
<H type_id="opencv-matrix">
  <rows>3</rows>
  <cols>3</cols>
  <dt>f</dt>
  <data>
    1.82799667e-01 -7.84983411e-02 159. 2.08580568e-02 -5.34203500e-02
    471. 2.63117581e-05 -2.85003305e-04 1.</data></H>
</opencv_storage>
