<?xml version="1.0"?>
<opencv_storage>
<H_invt type_id="opencv-matrix">
  <rows>3</rows>
  <cols>3</cols>
  <dt>f</dt>
  <data>
    5.49173307e+00 2.25488400e+00 -1.93523584e+03 -5.75240076e-01
    1.21375647e+01 -5.62532959e+03 -3.08442482e-04 3.39991599e-03
    -5.52318096e-01</data></H_invt>
</opencv_storage>
