<?xml version="1.0"?>
<opencv_storage>
<H type_id="opencv-matrix">
  <rows>3</rows>
  <cols>3</cols>
  <dt>f</dt>
  <data>
    2.58798003e-01 -1.42437518e-01 268. -6.20011799e-03 -4.58247252e-02
    366. -1.33911835e-05 -3.73912131e-04 1.</data></H>
</opencv_storage>
