<?xml version="1.0"?>
<opencv_storage>
<Rot type_id="opencv-matrix">
  <rows>3</rows>
  <cols>3</cols>
  <dt>f</dt>
  <data>
    9.94509101e-01 -9.37967822e-02 4.64094616e-02 -5.10109775e-03
    3.99495900e-01 9.16720808e-01 -1.04525849e-01 -9.11923885e-01
    3.96823853e-01</data></Rot>
</opencv_storage>
