<?xml version="1.0"?>
<opencv_storage>
<H type_id="opencv-matrix">
  <rows>3</rows>
  <cols>3</cols>
  <dt>f</dt>
  <data>
    1.48559049e-01 -7.30756894e-02 264. -2.00729910e-02 -2.25293338e-02
    371. -5.99871528e-05 -1.98762602e-04 1.</data></H>
</opencv_storage>
