<?xml version="1.0"?>
<opencv_storage>
<H_invt type_id="opencv-matrix">
  <rows>3</rows>
  <cols>3</cols>
  <dt>f</dt>
  <data>
    6.05057430e+00 2.43413877e+00 -2.50041699e+03 -2.57828772e-01
    1.94231052e+01 -7.13790527e+03 3.11709999e-04 4.00660373e-03
    -5.68741500e-01</data></H_invt>
</opencv_storage>
