<?xml version="1.0"?>
<opencv_storage>
<Rot type_id="opencv-matrix">
  <rows>3</rows>
  <cols>3</cols>
  <dt>f</dt>
  <data>
    9.97606993e-01 -6.84543774e-02 -9.70886741e-03 3.27606983e-02
    3.44357729e-01 9.38266754e-01 -6.08851425e-02 -9.36339557e-01
    3.45776290e-01</data></Rot>
</opencv_storage>
