<?xml version="1.0"?>
<opencv_storage>
<H_invt type_id="opencv-matrix">
  <rows>3</rows>
  <cols>3</cols>
  <dt>f</dt>
  <data>
    4.68035012e-01 -1.20351791e-01 -1.48688049e+02 6.03034608e-02
    6.27155960e-01 -2.04887024e+02 -6.46994915e-04 -3.10338405e-03
    2.15050006e+00</data></H_invt>
</opencv_storage>
