<?xml version="1.0"?>
<opencv_storage>
<H type_id="opencv-matrix">
  <rows>3</rows>
  <cols>3</cols>
  <dt>f</dt>
  <data>
    1.83216646e-01 -6.94969818e-02 69. 1.29688932e-02 1.71968676e-02
    128. 1.22716729e-05 -4.49110026e-04 1.</data></H>
</opencv_storage>
