<?xml version="1.0"?>
<opencv_storage>
<H_invt type_id="opencv-matrix">
  <rows>3</rows>
  <cols>3</cols>
  <dt>f</dt>
  <data>
    5.31216812e+00 2.73908615e+00 -7.17142639e+02 -8.10743570e-01
    1.29718971e+01 -1.60446155e+03 -4.29302279e-04 5.79219591e-03
    2.88220763e-01</data></H_invt>
</opencv_storage>
