<?xml version="1.0"?>
<opencv_storage>
<Rot type_id="opencv-matrix">
  <rows>3</rows>
  <cols>3</cols>
  <dt>f</dt>
  <data>
    7.68357158e-01 -5.80121219e-01 -2.70345479e-01 4.94737536e-01
    2.70381153e-01 8.25910866e-01 -4.06032115e-01 -7.68344581e-01
    4.94757056e-01</data></Rot>
</opencv_storage>
