<?xml version="1.0"?>
<opencv_storage>
<H type_id="opencv-matrix">
  <rows>3</rows>
  <cols>3</cols>
  <dt>f</dt>
  <data>
    1.98397741e-01 -2.31608361e-01 413. 1.54829957e-02 4.75020930e-02
    49. 2.35594867e-04 -4.97628935e-04 1.</data></H>
</opencv_storage>
