<?xml version="1.0"?>
<opencv_storage>
<H_invt type_id="opencv-matrix">
  <rows>3</rows>
  <cols>3</cols>
  <dt>f</dt>
  <data>
    9.75357819e+00 3.53960252e+00 -4.20166797e+03 -5.34428120e-01
    1.37169867e+01 -4.51413513e+02 -2.56383978e-03 5.99205727e-03
    1.76525497e+00</data></H_invt>
</opencv_storage>
