<?xml version="1.0"?>
<opencv_storage>
<H type_id="opencv-matrix">
  <rows>3</rows>
  <cols>3</cols>
  <dt>f</dt>
  <data>
    8.62660035e-02 -4.74791750e-02 268. -2.06670584e-03 -1.52749075e-02
    366. -4.46372769e-06 -1.24637372e-04 1.</data></H>
</opencv_storage>
