<?xml version="1.0"?>
<opencv_storage>
<H_invt type_id="opencv-matrix">
  <rows>3</rows>
  <cols>3</cols>
  <dt>f</dt>
  <data>
    1.14598188e+01 5.31641150e+00 -5.01703809e+03 1.63530052e-01
    3.30330772e+01 -1.21339326e+04 7.15354690e-05 4.14088694e-03
    -5.34736156e-01</data></H_invt>
</opencv_storage>
