<?xml version="1.0"?>
<opencv_storage>
<Rot type_id="opencv-matrix">
  <rows>3</rows>
  <cols>3</cols>
  <dt>f</dt>
  <data>
    9.94509041e-01 -9.37968716e-02 4.64096628e-02 -5.10122161e-03
    3.99496138e-01 9.16720688e-01 -1.04526013e-01 -9.11923766e-01
    3.96824032e-01</data></Rot>
</opencv_storage>
