<?xml version="1.0"?>
<opencv_storage>
<H type_id="opencv-matrix">
  <rows>3</rows>
  <cols>3</cols>
  <dt>f</dt>
  <data>
    2.03160241e-01 -7.85095543e-02 191. 9.75148473e-03 -1.07015474e-02
    361. -2.43648401e-06 -2.41316986e-04 1.</data></H>
</opencv_storage>
