<?xml version="1.0"?>
<opencv_storage>
<H_invt type_id="opencv-matrix">
  <rows>3</rows>
  <cols>3</cols>
  <dt>f</dt>
  <data>
    4.80455637e+00 2.03829670e+00 -1.65349536e+03 -6.68432295e-01
    1.28030500e+01 -4.49423047e+03 -1.49597836e-04 3.09455954e-03
    -8.85628387e-02</data></H_invt>
</opencv_storage>
