<?xml version="1.0"?>
<opencv_storage>
<Rot type_id="opencv-matrix">
  <rows>3</rows>
  <cols>3</cols>
  <dt>f</dt>
  <data>
    9.98582065e-01 -2.31010970e-02 -4.79600951e-02 5.32333329e-02
    4.29807037e-01 9.01350141e-01 -2.08590296e-04 -9.02625203e-01
    4.30427372e-01</data></Rot>
</opencv_storage>
