<?xml version="1.0"?>
<opencv_storage>
<H type_id="opencv-matrix">
  <rows>3</rows>
  <cols>3</cols>
  <dt>f</dt>
  <data>
    1.52632475e-01 -7.15181753e-02 277. 2.64377892e-03 4.30434383e-02
    116. 2.27911969e-05 -2.11289575e-04 1.</data></H>
</opencv_storage>
