<?xml version="1.0"?>
<opencv_storage>
<H_invt type_id="opencv-matrix">
  <rows>3</rows>
  <cols>3</cols>
  <dt>f</dt>
  <data>
    6.83436775e+00 1.31430113e+00 -2.04557886e+03 -8.09722778e-09
    1.48031855e+01 -1.71716943e+03 -1.55763424e-04 3.09780426e-03
    6.83801174e-01</data></H_invt>
</opencv_storage>
