<?xml version="1.0"?>
<opencv_storage>
<Rot type_id="opencv-matrix">
  <rows>3</rows>
  <cols>3</cols>
  <dt>f</dt>
  <data>
    9.95506108e-01 -8.34125429e-02 4.48321439e-02 2.52453629e-02
    6.90058947e-01 7.23312736e-01 -9.12701786e-02 -7.18930423e-01
    6.89063668e-01</data></Rot>
</opencv_storage>
