<?xml version="1.0"?>
<opencv_storage>
<H type_id="opencv-matrix">
  <rows>3</rows>
  <cols>3</cols>
  <dt>f</dt>
  <data>
    5.46509922e-01 1.68343019e-02 352. -3.81040783e-03 1.42900303e-01
    39. 1.63493853e-04 4.78247239e-05 1.</data></H>
</opencv_storage>
