<?xml version="1.0"?>
<opencv_storage>
<H_invt type_id="opencv-matrix">
  <rows>3</rows>
  <cols>3</cols>
  <dt>f</dt>
  <data>
    2.04515672e+00 1.35051490e-08 -7.19895142e+02 1.47717312e-01
    7.09043169e+00 -3.28523315e+02 -3.41435079e-04 -3.39097925e-04
    1.13340998e+00</data></H_invt>
</opencv_storage>
