<?xml version="1.0"?>
<opencv_storage>
<Rot type_id="opencv-matrix">
  <rows>3</rows>
  <cols>3</cols>
  <dt>f</dt>
  <data>
    -3.34887594e-01 4.35886353e-01 8.35376203e-01 4.14607704e-01
    -7.27963567e-01 5.46049058e-01 8.46138716e-01 5.29218435e-01
    6.30641282e-02</data></Rot>
</opencv_storage>
