<?xml version="1.0"?>
<opencv_storage>
<H type_id="opencv-matrix">
  <rows>3</rows>
  <cols>3</cols>
  <dt>f</dt>
  <data>
    2.25569412e-01 -6.25502169e-02 137. 1.34031009e-02 9.01750382e-03
    304. 2.46354684e-05 -2.40924477e-04 1.</data></H>
</opencv_storage>
