<?xml version="1.0"?>
<opencv_storage>
<Rot type_id="opencv-matrix">
  <rows>3</rows>
  <cols>3</cols>
  <dt>f</dt>
  <data>
    -4.00287956e-01 -4.00287896e-01 -8.24341655e-01 -5.82897604e-01
    -5.82897544e-01 5.66092610e-01 -7.07106769e-01 7.07106829e-01
    3.55273500e-08</data></Rot>
</opencv_storage>
