<?xml version="1.0"?>
<opencv_storage>
<H type_id="opencv-matrix">
  <rows>3</rows>
  <cols>3</cols>
  <dt>f</dt>
  <data>
    2.53638744e-01 -8.42695013e-02 214. 2.05959426e-03 -5.32036498e-02
    585. 3.52067354e-06 -2.49863486e-04 1.</data></H>
</opencv_storage>
