<?xml version="1.0"?>
<opencv_storage>
<Rot type_id="opencv-matrix">
  <rows>3</rows>
  <cols>3</cols>
  <dt>f</dt>
  <data>
    9.98376846e-01 5.09708114e-02 -2.54093148e-02 9.36074462e-03
    2.93221205e-01 9.55998778e-01 5.61785847e-02 -9.54684913e-01
    2.92268127e-01</data></Rot>
</opencv_storage>
