<?xml version="1.0"?>
<opencv_storage>
<H type_id="opencv-matrix">
  <rows>3</rows>
  <cols>3</cols>
  <dt>f</dt>
  <data>
    6.29442334e-02 -1.58485249e-01 440. 1.21756466e-02 1.30966576e-02
    119. -1.25395847e-04 -1.65170655e-04 1.</data></H>
</opencv_storage>
