<?xml version="1.0"?>
<opencv_storage>
<H_invt type_id="opencv-matrix">
  <rows>3</rows>
  <cols>3</cols>
  <dt>f</dt>
  <data>
    5.28780127e+00 1.38540401e+01 -3.97526343e+03 -4.37492895e+00
    1.90702038e+01 -3.44385406e+02 -5.95415986e-05 4.88707703e-03
    4.44636136e-01</data></H_invt>
</opencv_storage>
