<?xml version="1.0"?>
<opencv_storage>
<H type_id="opencv-matrix">
  <rows>3</rows>
  <cols>3</cols>
  <dt>f</dt>
  <data>
    1.77534848e-01 1.05249159e-01 593. 1.64369106e-01 1.91058785e-01
    125. -4.26191873e-05 3.26646172e-04 1.</data></H>
</opencv_storage>
