<?xml version="1.0"?>
<opencv_storage>
<H_invt type_id="opencv-matrix">
  <rows>3</rows>
  <cols>3</cols>
  <dt>f</dt>
  <data>
    3.30335212e+00 1.94496453e+00 -2.20200830e+03 -3.73144317e+00
    4.45952988e+00 1.65530457e+03 1.35964784e-03 -1.37379556e-03
    3.65453303e-01</data></H_invt>
</opencv_storage>
