<?xml version="1.0"?>
<opencv_storage>
<Rot type_id="opencv-matrix">
  <rows>3</rows>
  <cols>3</cols>
  <dt>f</dt>
  <data>
    -3.19604456e-01 8.74784470e-01 -3.64149898e-01 -3.43243569e-01
    2.51322120e-01 9.04997826e-01 8.83196950e-01 4.14233446e-01
    2.19940484e-01</data></Rot>
</opencv_storage>
