<?xml version="1.0"?>
<opencv_storage>
<H type_id="opencv-matrix">
  <rows>3</rows>
  <cols>3</cols>
  <dt>f</dt>
  <data>
    1.35400340e-01 -2.67589271e-01 413. 2.05014925e-02 -6.76609278e-02
    235. 1.44430305e-04 -6.47915876e-04 1.</data></H>
</opencv_storage>
