<?xml version="1.0"?>
<opencv_storage>
<H_invt type_id="opencv-matrix">
  <rows>3</rows>
  <cols>3</cols>
  <dt>f</dt>
  <data>
    1.32012119e+01 2.19807521e-06 -5.45210107e+03 2.09717321e+00
    1.18204288e+01 -3.64393335e+03 -5.47863252e-04 7.65864318e-03
    -5.73513627e-01</data></H_invt>
</opencv_storage>
