<?xml version="1.0"?>
<opencv_storage>
<H type_id="opencv-matrix">
  <rows>3</rows>
  <cols>3</cols>
  <dt>f</dt>
  <data>
    3.02132424e-02 -7.60729089e-02 440. 5.84431319e-03 6.28639758e-03
    119. -6.01899847e-05 -7.92819046e-05 1.</data></H>
</opencv_storage>
