<?xml version="1.0"?>
<opencv_storage>
<Rot type_id="opencv-matrix">
  <rows>3</rows>
  <cols>3</cols>
  <dt>f</dt>
  <data>
    -8.42543066e-01 -5.25209188e-01 1.19484067e-01 1.20486312e-01
    3.24354284e-02 9.92184937e-01 -5.24980187e-01 8.50354791e-01
    3.59522738e-02</data></Rot>
</opencv_storage>
