<?xml version="1.0"?>
<opencv_storage>
<H type_id="opencv-matrix">
  <rows>3</rows>
  <cols>3</cols>
  <dt>f</dt>
  <data>
    2.13472351e-01 -9.09453407e-02 332. -6.40237331e-03 5.54378331e-02
    264. -9.12083215e-06 -1.90190403e-04 1.</data></H>
</opencv_storage>
