<?xml version="1.0"?>
<opencv_storage>
<H type_id="opencv-matrix">
  <rows>3</rows>
  <cols>3</cols>
  <dt>f</dt>
  <data>
    1.60098240e-01 -1.37736946e-01 211. 1.63055491e-02 3.09420861e-02
    188. -1.06799838e-04 -1.65999518e-04 1.</data></H>
</opencv_storage>
