<?xml version="1.0"?>
<opencv_storage>
<H_invt type_id="opencv-matrix">
  <rows>3</rows>
  <cols>3</cols>
  <dt>f</dt>
  <data>
    4.11925697e+00 6.80761433e+00 -2.14899487e+03 -2.41149998e+00
    1.21047850e+01 -1.76687305e+03 3.96281503e-05 2.73644063e-03
    4.77187634e-01</data></H_invt>
</opencv_storage>
