<?xml version="1.0"?>
<opencv_storage>
<H type_id="opencv-matrix">
  <rows>3</rows>
  <cols>3</cols>
  <dt>f</dt>
  <data>
    4.03970093e-01 4.03367355e-02 405. 1.68995205e-02 1.68053344e-01 39.
    5.44096867e-04 -2.23858442e-05 1.</data></H>
</opencv_storage>
