<?xml version="1.0"?>
<opencv_storage>
<H type_id="opencv-matrix">
  <rows>3</rows>
  <cols>3</cols>
  <dt>f</dt>
  <data>
    5.40376425e-01 7.02342540e-02 351. 5.85645158e-03 1.59465730e-01 37.
    1.58282477e-04 1.71011488e-04 1.</data></H>
</opencv_storage>
