<?xml version="1.0"?>
<opencv_storage>
<H_invt type_id="opencv-matrix">
  <rows>3</rows>
  <cols>3</cols>
  <dt>f</dt>
  <data>
    2.06262422e+00 -1.37508303e-01 -7.18893311e+02 9.80000858e-10
    6.53004503e+00 -2.41611664e+02 -3.26477282e-04 -1.09494757e-03
    1.15510654e+00</data></H_invt>
</opencv_storage>
