<?xml version="1.0"?>
<opencv_storage>
<Rot type_id="opencv-matrix">
  <rows>3</rows>
  <cols>3</cols>
  <dt>f</dt>
  <data>
    -6.77793503e-01 3.34782332e-01 6.54611886e-01 4.19004083e-01
    -5.55728853e-01 7.18053639e-01 6.04178369e-01 7.60977149e-01
    2.36394256e-01</data></Rot>
</opencv_storage>
