<?xml version="1.0"?>
<opencv_storage>
<H_invt type_id="opencv-matrix">
  <rows>3</rows>
  <cols>3</cols>
  <dt>f</dt>
  <data>
    1.00891867e+01 1.26115036e+00 -6.53527051e+03 6.71196413e+00
    1.19556847e+01 -5.21477637e+03 3.25180404e-03 1.00380555e-02
    -1.85761940e+00</data></H_invt>
</opencv_storage>
