<?xml version="1.0"?>
<opencv_storage>
<H type_id="opencv-matrix">
  <rows>3</rows>
  <cols>3</cols>
  <dt>f</dt>
  <data>
    7.82625899e-02 -3.17702889e-02 72. 1.56691391e-02 1.87275447e-02
    138. 3.42048806e-05 -2.07860285e-04 1.</data></H>
</opencv_storage>
