<?xml version="1.0"?>
<opencv_storage>
<H_invt type_id="opencv-matrix">
  <rows>3</rows>
  <cols>3</cols>
  <dt>f</dt>
  <data>
    1.25501299e+01 4.44814777e+00 -1.51745374e+03 -2.89818859e+00
    2.00643826e+01 -2.56021533e+03 -1.03169400e-03 4.01843991e-03
    5.19737244e-01</data></H_invt>
</opencv_storage>
