<?xml version="1.0"?>
<opencv_storage>
<Rot type_id="opencv-matrix">
  <rows>3</rows>
  <cols>3</cols>
  <dt>f</dt>
  <data>
    4.35861319e-01 -5.99497736e-01 -6.71287835e-01 -5.88639200e-01
    3.74337167e-01 -7.16502368e-01 6.80829525e-01 7.07441986e-01
    -1.89728767e-01</data></Rot>
</opencv_storage>
