<?xml version="1.0"?>
<opencv_storage>
<H type_id="opencv-matrix">
  <rows>3</rows>
  <cols>3</cols>
  <dt>f</dt>
  <data>
    1.73543409e-01 1.82715171e-16 -2.87159185e-13 -2.69338489e-04
    1.30090490e-01 1. -1.11067425e-06 6.61797430e-19 1.</data></H>
</opencv_storage>
