<?xml version="1.0"?>
<opencv_storage>
<H_invt type_id="opencv-matrix">
  <rows>3</rows>
  <cols>3</cols>
  <dt>f</dt>
  <data>
    5.76224709e+00 -8.09321262e-15 1.66277539e-12 1.18809221e-02
    7.68695688e+00 -7.68695688e+00 6.39997961e-06 -5.09619730e-18 1.</data></H_invt>
</opencv_storage>
