<?xml version="1.0"?>
<opencv_storage>
<Rot type_id="opencv-matrix">
  <rows>3</rows>
  <cols>3</cols>
  <dt>f</dt>
  <data>
    -1.90125853e-01 -8.61428618e-01 4.70948875e-01 -8.05307090e-01
    -1.37537554e-01 -5.76683581e-01 5.61544895e-01 -4.88900930e-01
    -6.67565167e-01</data></Rot>
</opencv_storage>
