<?xml version="1.0"?>
<opencv_storage>
<H type_id="opencv-matrix">
  <rows>3</rows>
  <cols>3</cols>
  <dt>f</dt>
  <data>
    2.02823028e-01 -7.81033784e-02 176. 2.58925389e-02 -4.12162989e-02
    398. 3.91463873e-05 -2.58738990e-04 1.</data></H>
</opencv_storage>
