<?xml version="1.0"?>
<opencv_storage>
<H_invt type_id="opencv-matrix">
  <rows>3</rows>
  <cols>3</cols>
  <dt>f</dt>
  <data>
    4.96596718e+00 2.61841846e+00 -1.91614075e+03 -8.29159975e-01
    1.57540398e+01 -6.12417578e+03 -4.08935681e-04 3.97368288e-03
    -5.09553015e-01</data></H_invt>
</opencv_storage>
