<?xml version="1.0"?>
<opencv_storage>
<Rot type_id="opencv-matrix">
  <rows>3</rows>
  <cols>3</cols>
  <dt>f</dt>
  <data>
    9.99140978e-01 -8.69454001e-04 -4.14314345e-02 3.93155329e-02
    3.35932344e-01 9.41065192e-01 1.30999470e-02 -9.41885710e-01
    3.35677952e-01</data></Rot>
</opencv_storage>
