<?xml version="1.0"?>
<opencv_storage>
<H type_id="opencv-matrix">
  <rows>3</rows>
  <cols>3</cols>
  <dt>f</dt>
  <data>
    6.14272011e-03 -5.59340697e-05 353. 2.89703649e-03 1.14594575e-03
    405. 6.52094150e-06 2.89821912e-07 1.</data></H>
</opencv_storage>
