<?xml version="1.0"?>
<opencv_storage>
<H_invt type_id="opencv-matrix">
  <rows>3</rows>
  <cols>3</cols>
  <dt>f</dt>
  <data>
    2.57717285e+02 3.96488113e+01 -1.07031969e+05 -6.41570206e+01
    9.62355286e+02 -3.67106469e+05 -1.66196527e-03 -5.37459215e-04
    1.80434477e+00</data></H_invt>
</opencv_storage>
