<?xml version="1.0"?>
<opencv_storage>
<H type_id="opencv-matrix">
  <rows>3</rows>
  <cols>3</cols>
  <dt>f</dt>
  <data>
    1.83016464e-01 -9.78851989e-02 374. -5.37721487e-03 5.79255857e-02
    157. -1.39295644e-05 -2.20485468e-04 1.</data></H>
</opencv_storage>
