<?xml version="1.0"?>
<opencv_storage>
<H type_id="opencv-matrix">
  <rows>3</rows>
  <cols>3</cols>
  <dt>f</dt>
  <data>
    -3.14257629e-02 -2.04253957e-01 658. -4.68118340e-02 1.04092471e-01
    98. -1.48146733e-04 -2.63126363e-04 1.</data></H>
</opencv_storage>
