<?xml version="1.0"?>
<opencv_storage>
<H_invt type_id="opencv-matrix">
  <rows>3</rows>
  <cols>3</cols>
  <dt>f</dt>
  <data>
    1.71474190e+01 4.10823584e+00 -1.16856094e+04 4.26358366e+00
    8.72096634e+00 -3.66009302e+03 3.66219552e-03 2.90333782e-03
    -1.69425178e+00</data></H_invt>
</opencv_storage>
