<?xml version="1.0"?>
<opencv_storage>
<H type_id="opencv-matrix">
  <rows>3</rows>
  <cols>3</cols>
  <dt>f</dt>
  <data>
    2.63862818e-01 -1.31918654e-01 200. -9.78109194e-04 -7.06210174e-03
    414. -8.24637664e-06 -2.56642466e-04 1.</data></H>
</opencv_storage>
