<?xml version="1.0"?>
<opencv_storage>
<H_invt type_id="opencv-matrix">
  <rows>3</rows>
  <cols>3</cols>
  <dt>f</dt>
  <data>
    3.73844004e+00 3.03748274e+00 -2.00520593e+03 -9.18099210e-02
    1.00072813e+01 -4.12465234e+03 7.26625967e-06 2.59334152e-03
    -7.50966817e-02</data></H_invt>
</opencv_storage>
