<?xml version="1.0"?>
<opencv_storage>
<Rot type_id="opencv-matrix">
  <rows>3</rows>
  <cols>3</cols>
  <dt>f</dt>
  <data>
    9.90965068e-01 -1.23134784e-01 5.31601571e-02 9.75333899e-03
    4.61474657e-01 8.87099802e-01 -1.33764908e-01 -8.78566444e-01
    4.58506256e-01</data></Rot>
</opencv_storage>
