<?xml version="1.0"?>
<opencv_storage>
<H type_id="opencv-matrix">
  <rows>3</rows>
  <cols>3</cols>
  <dt>f</dt>
  <data>
    1.08510517e-01 -5.14989756e-02 272. 1.70446199e-03 -2.11923756e-02
    376. 2.28267794e-07 -1.39337091e-04 1.</data></H>
</opencv_storage>
