<?xml version="1.0"?>
<opencv_storage>
<H type_id="opencv-matrix">
  <rows>3</rows>
  <cols>3</cols>
  <dt>f</dt>
  <data>
    1.68120697e-01 -7.87290558e-02 273. 7.22487830e-03 -2.96130683e-02
    376. 1.03790480e-05 -2.10175232e-04 1.</data></H>
</opencv_storage>
