<?xml version="1.0"?>
<opencv_storage>
<H_invt type_id="opencv-matrix">
  <rows>3</rows>
  <cols>3</cols>
  <dt>f</dt>
  <data>
    5.99797964e+00 2.59171963e+00 -2.61193506e+03 -4.03284520e-01
    2.00634041e+01 -7.43374365e+03 -1.47013736e-04 4.18993132e-03
    -5.35279393e-01</data></H_invt>
</opencv_storage>
