<?xml version="1.0"?>
<opencv_storage>
<Rot type_id="opencv-matrix">
  <rows>3</rows>
  <cols>3</cols>
  <dt>f</dt>
  <data>
    9.95949447e-01 -8.81607980e-02 1.76729597e-02 1.36015033e-02
    3.42010111e-01 9.39597845e-01 -8.88800249e-02 -9.35551584e-01
    3.41823906e-01</data></Rot>
</opencv_storage>
