<?xml version="1.0"?>
<opencv_storage>
<H type_id="opencv-matrix">
  <rows>3</rows>
  <cols>3</cols>
  <dt>f</dt>
  <data>
    3.66233736e-01 -1.69836089e-01 343. 1.50555307e-02 6.63395301e-02
    45. 6.34659431e-04 -5.93524252e-04 1.</data></H>
</opencv_storage>
