<?xml version="1.0"?>
<opencv_storage>
<Rot type_id="opencv-matrix">
  <rows>3</rows>
  <cols>3</cols>
  <dt>f</dt>
  <data>
    -4.59703147e-01 -4.79494661e-01 -7.47501075e-01 2.77473748e-01
    7.22021341e-01 -6.33792937e-01 8.43612075e-01 -4.98768538e-01
    -1.98868319e-01</data></Rot>
</opencv_storage>
