<?xml version="1.0"?>
<opencv_storage>
<H type_id="opencv-matrix">
  <rows>3</rows>
  <cols>3</cols>
  <dt>f</dt>
  <data>
    1.31852478e-01 -3.92902493e-02 67. 1.26164537e-02 2.65610237e-02
    128. 3.75924101e-05 -2.33957413e-04 1.</data></H>
</opencv_storage>
