<?xml version="1.0"?>
<opencv_storage>
<H_invt type_id="opencv-matrix">
  <rows>3</rows>
  <cols>3</cols>
  <dt>f</dt>
  <data>
    7.54173851e+00 3.15177107e+00 -9.08723206e+02 -1.04163814e+00
    1.72614326e+01 -2.13967358e+03 -5.27211116e-04 3.91995721e-03
    5.33568621e-01</data></H_invt>
</opencv_storage>
