<?xml version="1.0"?>
<opencv_storage>
<H type_id="opencv-matrix">
  <rows>3</rows>
  <cols>3</cols>
  <dt>f</dt>
  <data>
    2.62866408e-01 -1.11661173e-01 385. 3.17443721e-03 7.76770860e-02
    83. 3.82462313e-05 -2.58289598e-04 1.</data></H>
</opencv_storage>
