<?xml version="1.0"?>
<opencv_storage>
<H_invt type_id="opencv-matrix">
  <rows>3</rows>
  <cols>3</cols>
  <dt>f</dt>
  <data>
    4.02995682e+00 4.96844232e-01 -1.59277148e+03 -5.91671490e-10
    1.00892773e+01 -8.37410034e+02 -1.54130670e-04 2.58695311e-03
    8.44623208e-01</data></H_invt>
</opencv_storage>
