<?xml version="1.0"?>
<opencv_storage>
<H type_id="opencv-matrix">
  <rows>3</rows>
  <cols>3</cols>
  <dt>f</dt>
  <data>
    6.54202104e-01 8.29401314e-01 317. 2.07950920e-01 9.85689223e-01
    284. 7.74304848e-04 1.60143455e-03 1.</data></H>
</opencv_storage>
