<?xml version="1.0"?>
<opencv_storage>
<H_invt type_id="opencv-matrix">
  <rows>3</rows>
  <cols>3</cols>
  <dt>f</dt>
  <data>
    2.40389872e+00 -1.45690835e+00 -3.48273926e+02 5.41185886e-02
    1.85085928e+00 -5.42799622e+02 -1.94801786e-03 -1.83593878e-03
    2.13892817e+00</data></H_invt>
</opencv_storage>
