<?xml version="1.0"?>
<opencv_storage>
<H type_id="opencv-matrix">
  <rows>3</rows>
  <cols>3</cols>
  <dt>f</dt>
  <data>
    4.15417105e-01 -1.80153757e-01 446. 2.05892280e-01 -1.47955894e-01
    1007. 2.13545354e-04 -2.97503982e-04 1.</data></H>
</opencv_storage>
