<?xml version="1.0"?>
<opencv_storage>
<Rot type_id="opencv-matrix">
  <rows>3</rows>
  <cols>3</cols>
  <dt>f</dt>
  <data>
    4.29994911e-01 7.10476816e-01 5.57070076e-01 5.11436343e-01
    -7.00162053e-01 4.98202741e-01 7.44000852e-01 7.06812516e-02
    -6.64429784e-01</data></Rot>
</opencv_storage>
