<?xml version="1.0"?>
<opencv_storage>
<H_invt type_id="opencv-matrix">
  <rows>3</rows>
  <cols>3</cols>
  <dt>f</dt>
  <data>
    4.78506041e+00 -4.05689907e+00 -1.91610449e+03 2.09304667e+00
    9.64069939e+00 -2.07097461e+03 1.57301966e-03 -4.62539541e-03
    7.25616992e-01</data></H_invt>
</opencv_storage>
