<?xml version="1.0"?>
<opencv_storage>
<H type_id="opencv-matrix">
  <rows>3</rows>
  <cols>3</cols>
  <dt>f</dt>
  <data>
    5.97669482e-02 -1.66574135e-01 441. 1.24864858e-02 1.27964159e-02
    119. -1.36782168e-04 -1.73459979e-04 1.</data></H>
</opencv_storage>
