<?xml version="1.0"?>
<opencv_storage>
<H_invt type_id="opencv-matrix">
  <rows>3</rows>
  <cols>3</cols>
  <dt>f</dt>
  <data>
    5.06140995e+00 1.36348181e+01 -3.85462524e+03 -4.35383463e+00
    1.81772614e+01 -2.43052917e+02 -6.29054266e-05 5.01802750e-03
    4.30596054e-01</data></H_invt>
</opencv_storage>
